Sample description: primus/qt temporary file
Sample: primus/qt tempo  c= 0.24 mg/ml  Code: tmp
Parent(s): /Users/ellen/Documents/Statherin/SAXS/Grenoble_sep-17/Analysis/Series3/Other/avrg_001.dat
  3.850120e-02  -1.578930e+01   1.479050e+01
  4.319890e-02   6.877440e+00   9.176210e+00
  4.789670e-02   6.115480e+00   5.739940e+00
  5.259440e-02   1.575970e+00   4.831990e+00
  5.729210e-02   4.746420e+00   3.775790e+00
  6.198980e-02   8.465810e+00   3.106420e+00
  6.668750e-02   4.110750e+00   2.717820e+00
  7.138520e-02   3.895190e+00   2.386590e+00
  7.608290e-02   6.728940e+00   2.018780e+00
  8.078070e-02   6.738900e+00   1.784210e+00
  8.547840e-02   2.905500e+00   1.674010e+00
  9.017610e-02   5.191810e+00   1.495790e+00
  9.487380e-02   5.113550e+00   1.333840e+00
  9.957150e-02   6.098540e+00   1.239370e+00
  1.042690e-01   5.845580e+00   1.134630e+00
  1.089670e-01   6.865160e+00   1.118800e+00
  1.136650e-01   5.192320e+00   1.009620e+00
  1.183620e-01   5.197560e+00   9.384880e-01
  1.230600e-01   3.413000e+00   8.921080e-01
  1.277580e-01   4.363720e+00   8.975170e-01
  1.324560e-01   4.538740e+00   8.411400e-01
  1.371530e-01   5.003010e+00   7.827890e-01
  1.418510e-01   5.840600e+00   7.525760e-01
  1.465490e-01   4.779070e+00   7.480270e-01
  1.512460e-01   5.653610e+00   7.253630e-01
  1.559440e-01   5.505760e+00   6.844460e-01
  1.606420e-01   5.074680e+00   6.595780e-01
  1.653400e-01   5.355020e+00   6.507160e-01
  1.700370e-01   5.891230e+00   6.599980e-01
  1.747350e-01   5.417980e+00   6.151410e-01
  1.794330e-01   5.060910e+00   5.976330e-01
  1.841300e-01   5.349230e+00   5.977310e-01
  1.888280e-01   5.152520e+00   6.012290e-01
  1.935260e-01   5.163830e+00   5.727930e-01
  1.982230e-01   4.985730e+00   5.454390e-01
  2.029210e-01   5.680160e+00   5.474970e-01
  2.076190e-01   4.592260e+00   5.528010e-01
  2.123170e-01   4.024820e+00   5.391510e-01
  2.170140e-01   4.925860e+00   5.036230e-01
  2.217120e-01   5.274280e+00   5.213050e-01
  2.264100e-01   5.874410e+00   5.118080e-01
  2.311070e-01   4.641770e+00   5.173480e-01
  2.358050e-01   3.988980e+00   4.793660e-01
  2.405030e-01   5.064890e+00   4.892070e-01
  2.452010e-01   4.802210e+00   4.827990e-01
  2.498980e-01   5.134030e+00   4.934690e-01
  2.545960e-01   5.658010e+00   4.563130e-01
  2.592940e-01   4.972980e+00   4.571940e-01
  2.639910e-01   4.617090e+00   4.662760e-01
  2.686890e-01   4.619760e+00   4.657860e-01
  2.733870e-01   5.072280e+00   4.383080e-01
  2.780850e-01   3.929860e+00   4.406870e-01
  2.827820e-01   4.379270e+00   4.420660e-01
  2.874800e-01   4.647240e+00   4.449750e-01
  2.921780e-01   4.416030e+00   4.394980e-01
  2.968760e-01   4.236320e+00   4.133070e-01
  3.015730e-01   4.304430e+00   4.253790e-01
  3.062710e-01   4.160980e+00   4.222870e-01
  3.109690e-01   5.145180e+00   4.279080e-01
  3.156660e-01   4.666360e+00   3.992370e-01
  3.203640e-01   5.273770e+00   4.123820e-01
  3.250620e-01   5.020810e+00   4.019820e-01
  3.297590e-01   4.980520e+00   4.155440e-01
  3.344570e-01   4.551770e+00   3.920710e-01
  3.391550e-01   4.768270e+00   3.943570e-01
  3.438530e-01   5.191510e+00   4.025030e-01
  3.485500e-01   4.431800e+00   4.030300e-01
  3.532480e-01   4.499000e+00   4.049940e-01
  3.579460e-01   4.741610e+00   4.151770e-01
  3.626440e-01   4.940400e+00   4.299380e-01
  3.673410e-01   4.901880e+00   4.260580e-01
  3.720390e-01   4.638550e+00   4.333630e-01
  3.767370e-01   5.165740e+00   4.284710e-01
  3.814340e-01   4.236790e+00   4.399970e-01
  3.861320e-01   5.232050e+00   4.433970e-01
  3.908300e-01   4.482330e+00   4.435980e-01
  3.955270e-01   4.036830e+00   4.646040e-01
  4.002250e-01   4.576010e+00   4.660640e-01
  4.049230e-01   4.680250e+00   4.800660e-01
  4.096210e-01   4.642890e+00   4.876140e-01
  4.143180e-01   4.319200e+00   4.957260e-01
  4.190160e-01   4.090020e+00   5.060350e-01
  4.237140e-01   3.629610e+00   5.089030e-01
  4.284120e-01   4.313890e+00   5.338250e-01
  4.331090e-01   5.100860e+00   5.297870e-01
  4.378070e-01   3.761440e+00   5.360530e-01
  4.425050e-01   3.381350e+00   5.519330e-01
  4.472020e-01   3.433510e+00   5.563570e-01
  4.519000e-01   3.812680e+00   5.658470e-01
  4.565980e-01   3.951860e+00   5.496760e-01
  4.612960e-01   2.865740e+00   5.221460e-01
  4.659930e-01   4.817470e+00   5.270610e-01
  4.706910e-01   4.222250e+00   5.321010e-01
  4.753890e-01   2.969550e+00   5.032580e-01
  4.800860e-01   4.534020e+00   4.994530e-01
  4.847840e-01   3.293760e+00   5.063610e-01
  4.894820e-01   3.774400e+00   5.155360e-01
  4.941790e-01   3.846960e+00   4.891240e-01
  4.988770e-01   4.166850e+00   4.916400e-01
  5.035750e-01   4.031240e+00   4.988510e-01
  5.082730e-01   4.492880e+00   5.019290e-01
  5.129700e-01   4.351120e+00   4.812840e-01
  5.176680e-01   3.873900e+00   4.795870e-01
  5.223660e-01   4.712530e+00   4.824840e-01
  5.270640e-01   3.587240e+00   4.965490e-01
  5.317610e-01   3.397150e+00   4.709870e-01
  5.364590e-01   4.269070e+00   4.713010e-01
  5.411570e-01   3.545640e+00   4.661150e-01
  5.458540e-01   4.068030e+00   4.796530e-01
  5.505520e-01   3.532130e+00   4.715800e-01
  5.552500e-01   3.875010e+00   4.534700e-01
  5.599480e-01   3.400810e+00   4.594810e-01
  5.646450e-01   4.145550e+00   4.654990e-01
  5.693430e-01   2.935980e+00   4.573900e-01
  5.740410e-01   3.505650e+00   4.404860e-01
  5.787380e-01   3.657810e+00   4.538610e-01
  5.834360e-01   4.317640e+00   4.518760e-01
  5.881340e-01   3.504340e+00   4.529510e-01
  5.928310e-01   3.831660e+00   4.409220e-01
  5.975290e-01   2.658560e+00   4.446710e-01
  6.022270e-01   4.072590e+00   4.493100e-01
  6.069250e-01   3.859210e+00   4.598620e-01
  6.116220e-01   3.704240e+00   4.356030e-01
  6.163200e-01   3.082180e+00   4.384920e-01
  6.210180e-01   3.424570e+00   4.465370e-01
  6.257150e-01   3.575070e+00   4.435380e-01
  6.304130e-01   4.198900e+00   4.409820e-01
  6.351110e-01   3.135200e+00   4.305090e-01
  6.398090e-01   3.234280e+00   4.381820e-01
  6.445060e-01   3.304880e+00   4.394330e-01
  6.492040e-01   3.048360e+00   4.419460e-01
  6.539020e-01   3.471680e+00   4.276210e-01
  6.585990e-01   3.363320e+00   4.360090e-01
  6.632970e-01   2.613330e+00   4.344180e-01
  6.679950e-01   3.506930e+00   4.367010e-01
  6.726930e-01   2.990350e+00   4.257120e-01
  6.773900e-01   3.365950e+00   4.255860e-01
  6.820880e-01   2.884240e+00   4.276000e-01
  6.867860e-01   2.577170e+00   4.327050e-01
  6.914830e-01   3.296710e+00   4.249830e-01
  6.961810e-01   2.780430e+00   4.228070e-01
  7.008790e-01   3.428940e+00   4.248590e-01
  7.055770e-01   2.863510e+00   4.330160e-01
  7.102740e-01   3.147500e+00   4.208540e-01
  7.149720e-01   3.320230e+00   4.227660e-01
  7.196700e-01   2.760220e+00   4.206100e-01
  7.243670e-01   2.872100e+00   4.232590e-01
  7.290650e-01   2.423460e+00   4.291270e-01
  7.337630e-01   2.761600e+00   4.085400e-01
  7.384610e-01   3.319750e+00   4.164690e-01
  7.431580e-01   2.250020e+00   4.200070e-01
  7.478560e-01   2.705480e+00   4.225820e-01
  7.525540e-01   2.827890e+00   4.128800e-01
  7.572510e-01   2.490370e+00   4.064470e-01
  7.619490e-01   2.972470e+00   4.186390e-01
  7.666470e-01   3.439320e+00   4.224790e-01
  7.713450e-01   2.655870e+00   4.108830e-01
  7.760420e-01   2.513740e+00   4.049740e-01
  7.807400e-01   2.868630e+00   4.116720e-01
  7.854380e-01   3.406700e+00   4.144800e-01
  7.901350e-01   3.036710e+00   4.075230e-01
  7.948330e-01   2.984410e+00   4.045540e-01
  7.995310e-01   2.851490e+00   4.075220e-01
  8.042290e-01   2.716030e+00   4.102900e-01
  8.089260e-01   2.635260e+00   4.135420e-01
  8.136240e-01   2.718370e+00   3.976550e-01
  8.183220e-01   3.168070e+00   4.030890e-01
  8.230190e-01   2.409480e+00   4.061680e-01
  8.277170e-01   2.663220e+00   4.095060e-01
  8.324150e-01   2.355160e+00   3.927050e-01
  8.371130e-01   2.740380e+00   3.988330e-01
  8.418100e-01   2.290540e+00   4.028800e-01
  8.465080e-01   2.068140e+00   4.062580e-01
  8.512060e-01   2.519900e+00   3.913490e-01
  8.559030e-01   2.367090e+00   3.951170e-01
  8.606010e-01   2.255280e+00   4.012670e-01
  8.652990e-01   1.762110e+00   4.017110e-01
  8.699970e-01   2.540590e+00   3.937080e-01
  8.746940e-01   2.297170e+00   3.892030e-01
  8.793920e-01   3.068150e+00   3.976420e-01
  8.840900e-01   1.762800e+00   3.936700e-01
  8.887870e-01   2.677120e+00   3.957630e-01
  8.934850e-01   1.460260e+00   3.856230e-01
  8.981830e-01   2.343590e+00   3.935470e-01
  9.028810e-01   2.083180e+00   3.908350e-01
  9.075780e-01   2.048660e+00   3.953650e-01
  9.122760e-01   1.802520e+00   3.809450e-01
  9.169740e-01   2.642740e+00   3.910020e-01
  9.216710e-01   2.211530e+00   3.905980e-01
  9.263690e-01   1.886860e+00   3.876650e-01
  9.310670e-01   1.875320e+00   3.802600e-01
  9.357650e-01   1.992340e+00   3.858790e-01
  9.404620e-01   2.328340e+00   3.875650e-01
  9.451600e-01   2.097670e+00   3.840090e-01
  9.498580e-01   1.789480e+00   3.815440e-01
  9.545550e-01   1.962110e+00   3.798740e-01
  9.592530e-01   2.196980e+00   3.843970e-01
  9.639510e-01   1.872100e+00   3.840830e-01
  9.686490e-01   1.976290e+00   3.797600e-01
  9.733460e-01   1.887460e+00   3.767770e-01
  9.780440e-01   2.147860e+00   3.807360e-01
  9.827420e-01   1.568060e+00   3.785690e-01
  9.874390e-01   2.587040e+00   3.851720e-01
  9.921370e-01   1.641920e+00   3.671460e-01
  9.968350e-01   2.100590e+00   3.792170e-01
  1.001530e+00   2.551110e+00   3.763370e-01
  1.006230e+00   1.431300e+00   3.805560e-01
  1.010930e+00   2.007150e+00   3.712740e-01
  1.015630e+00   1.629110e+00   3.706600e-01
  1.020320e+00   2.361130e+00   3.756430e-01
  1.025020e+00   2.179290e+00   3.757080e-01
  1.029720e+00   2.228780e+00   3.711760e-01
  1.034420e+00   2.002490e+00   3.704250e-01
  1.039110e+00   1.781870e+00   3.706280e-01
  1.043810e+00   1.356800e+00   3.735330e-01
  1.048510e+00   2.550990e+00   3.691200e-01
  1.053210e+00   1.850720e+00   3.659020e-01
  1.057910e+00   2.102280e+00   3.714020e-01
  1.062600e+00   1.788080e+00   3.695960e-01
  1.067300e+00   2.614900e+00   3.709760e-01
  1.072000e+00   1.473690e+00   3.604030e-01
  1.076700e+00   1.603980e+00   3.686510e-01
  1.081390e+00   1.989540e+00   3.656150e-01
  1.086090e+00   1.980700e+00   3.710040e-01
  1.090790e+00   2.120240e+00   3.593310e-01
  1.095490e+00   1.602740e+00   3.585920e-01
  1.100180e+00   1.306370e+00   3.669510e-01
  1.104880e+00   1.745010e+00   3.671120e-01
  1.109580e+00   1.297410e+00   3.563100e-01
  1.114280e+00   1.583250e+00   3.603740e-01
  1.118980e+00   1.196620e+00   3.599240e-01
  1.123670e+00   1.525620e+00   3.660880e-01
  1.128370e+00   1.581840e+00   3.596200e-01
  1.133070e+00   1.816660e+00   3.556250e-01
  1.137770e+00   1.085740e+00   3.594490e-01
  1.142460e+00   1.428650e+00   3.597590e-01
  1.147160e+00   1.574510e+00   3.600220e-01
  1.151860e+00   1.241650e+00   3.523880e-01
  1.156560e+00   7.738720e-01   3.536800e-01
  1.161250e+00   1.365280e+00   3.562400e-01
  1.165950e+00   1.323050e+00   3.630960e-01
  1.170650e+00   1.513890e+00   3.479070e-01
  1.175350e+00   1.825010e+00   3.500060e-01
  1.180050e+00   1.166110e+00   3.573200e-01
  1.184740e+00   1.465340e+00   3.603580e-01
  1.189440e+00   1.323630e+00   3.451440e-01
  1.194140e+00   7.024640e-01   3.530980e-01
  1.198840e+00   1.553860e+00   3.628910e-01
  1.203530e+00   8.989690e-01   3.728690e-01
  1.208230e+00   1.614160e+00   3.739700e-01
  1.212930e+00   1.247270e+00   3.794120e-01
  1.217630e+00   1.789060e+00   3.839010e-01
  1.222330e+00   8.723610e-01   3.927070e-01
  1.227020e+00   1.072920e+00   3.955600e-01
  1.231720e+00   1.158570e+00   3.926500e-01
  1.236420e+00   1.424860e+00   4.019380e-01
  1.241120e+00   1.644320e+00   4.042770e-01
  1.245810e+00   1.906890e+00   4.107780e-01
  1.250510e+00   1.215570e+00   3.970910e-01
  1.255210e+00   1.390180e+00   4.056510e-01
  1.259910e+00   1.424130e+00   4.093730e-01
  1.264600e+00   1.780680e+00   3.964810e-01
  1.269300e+00   1.616920e+00   3.774800e-01
  1.274000e+00   1.476970e+00   3.763230e-01
  1.278700e+00   9.840270e-01   3.760990e-01
  1.283400e+00   9.302340e-01   3.698500e-01
  1.288090e+00   9.989780e-01   3.614770e-01
  1.292790e+00   1.492680e+00   3.615680e-01
  1.297490e+00   8.275950e-01   3.616990e-01
  1.302190e+00   1.061470e+00   3.559950e-01
  1.306880e+00   1.295870e+00   3.520040e-01
  1.311580e+00   1.154620e+00   3.509420e-01
  1.316280e+00   1.179990e+00   3.530610e-01
  1.320980e+00   1.284760e+00   3.530510e-01
  1.325670e+00   1.241520e+00   3.500270e-01
  1.330370e+00   1.397480e+00   3.449850e-01
  1.335070e+00   1.367720e+00   3.502230e-01
  1.339770e+00   8.452790e-01   3.481110e-01
  1.344470e+00   1.438150e+00   3.503050e-01
  1.349160e+00   1.104500e+00   3.436250e-01
  1.353860e+00   6.619050e-01   3.426780e-01
  1.358560e+00   1.231380e+00   3.453050e-01
  1.363260e+00   8.195890e-01   3.455220e-01
  1.367950e+00   1.632210e+00   3.430450e-01
  1.372650e+00   1.201990e+00   3.419090e-01
  1.377350e+00   9.950960e-01   3.418560e-01
  1.382050e+00   1.132890e+00   3.444900e-01
  1.386740e+00   1.899960e+00   3.422900e-01
  1.391440e+00   8.800880e-01   3.387130e-01
  1.396140e+00   8.910840e-01   3.387460e-01
  1.400840e+00   1.068270e+00   3.415630e-01
  1.405540e+00   8.518010e-01   3.386460e-01
  1.410230e+00   1.291120e+00   3.371590e-01
  1.414930e+00   1.121000e+00   3.354850e-01
  1.419630e+00   1.152670e+00   3.403050e-01
  1.424330e+00   1.264050e+00   3.387370e-01
  1.429020e+00   6.845190e-01   3.330550e-01
  1.433720e+00   1.577390e+00   3.316510e-01
  1.438420e+00   1.172410e+00   3.385260e-01
  1.443120e+00   6.229460e-01   3.369930e-01
  1.447820e+00   1.124930e+00   3.304680e-01
  1.452510e+00   1.178530e+00   3.312240e-01
  1.457210e+00   1.410020e+00   3.330860e-01
  1.461910e+00   1.522990e+00   3.360450e-01
  1.466610e+00   1.019810e+00   3.307610e-01
  1.471300e+00   1.347940e+00   3.292430e-01
  1.476000e+00   8.993540e-01   3.327050e-01
  1.480700e+00   1.544980e+00   3.317710e-01
  1.485400e+00   1.044540e+00   3.295750e-01
  1.490090e+00   1.313300e+00   3.286780e-01
  1.494790e+00   8.878500e-01   3.257110e-01
  1.499490e+00   1.000650e+00   3.342130e-01
  1.504190e+00   1.112450e+00   3.316160e-01
  1.508890e+00   9.868620e-01   3.384760e-01
  1.513580e+00   1.314080e+00   3.476850e-01
  1.518280e+00   1.435380e+00   3.562630e-01
  1.522980e+00   1.242670e+00   3.576410e-01
  1.527680e+00   1.483260e+00   3.569420e-01
  1.532370e+00   1.009050e+00   3.557600e-01
  1.537070e+00   6.997370e-01   3.513630e-01
  1.541770e+00   1.342130e+00   3.451420e-01
  1.546470e+00   8.438200e-01   3.362180e-01
  1.551160e+00   1.174940e+00   3.405940e-01
  1.555860e+00   9.425890e-01   3.354990e-01
  1.560560e+00   9.072550e-01   3.315550e-01
  1.565260e+00   8.932780e-01   3.237270e-01
  1.569960e+00   8.696430e-01   3.240020e-01
  1.574650e+00   1.084840e+00   3.254470e-01
  1.579350e+00   1.029910e+00   3.240800e-01
  1.584050e+00   1.182740e+00   3.222260e-01
  1.588750e+00   8.755330e-01   3.190320e-01
  1.593440e+00   1.005620e+00   3.260880e-01
  1.598140e+00   4.172290e-01   3.260010e-01
  1.602840e+00   1.022130e+00   3.236450e-01
  1.607540e+00   5.324220e-01   3.202770e-01
  1.612240e+00   9.004540e-01   3.233190e-01
  1.616930e+00   6.583060e-02   3.215210e-01
  1.621630e+00   8.128850e-01   3.220460e-01
  1.626330e+00   7.355940e-01   3.169460e-01
  1.631030e+00   5.703680e-01   3.214280e-01
  1.635720e+00   9.115640e-01   3.185530e-01
  1.640420e+00   7.057010e-01   3.205280e-01
  1.645120e+00   8.110400e-01   3.161820e-01
  1.649820e+00   6.210580e-01   3.195390e-01
  1.654510e+00   7.187150e-01   3.175540e-01
  1.659210e+00   8.646070e-01   3.182470e-01
  1.663910e+00   1.583560e+00   3.138540e-01
  1.668610e+00   5.423600e-01   3.178380e-01
  1.673310e+00   1.332620e+00   3.166320e-01
  1.678000e+00   7.262220e-01   3.147890e-01
  1.682700e+00   9.137050e-01   3.156920e-01
  1.687400e+00   8.737670e-01   3.136610e-01
  1.692100e+00   8.209710e-01   3.121030e-01
  1.696790e+00   1.865650e-01   3.163820e-01
  1.701490e+00   1.187680e+00   3.150520e-01
  1.706190e+00   9.985730e-01   3.093520e-01
  1.710890e+00   8.193010e-01   3.127780e-01
  1.715580e+00   3.796760e-01   3.141860e-01
  1.720280e+00   2.827880e-01   3.130080e-01
  1.724980e+00   5.801230e-01   3.074140e-01
  1.729680e+00   5.099550e-01   3.093370e-01
  1.734380e+00   9.346240e-01   3.098850e-01
  1.739070e+00   1.287610e+00   3.141000e-01
  1.743770e+00   9.253330e-01   3.058190e-01
  1.748470e+00   6.348950e-01   3.100420e-01
  1.753170e+00   1.131970e+00   3.086530e-01
  1.757860e+00   8.547110e-01   3.090930e-01
  1.762560e+00   1.227830e+00   3.078250e-01
  1.767260e+00   5.879630e-01   3.087070e-01
  1.771960e+00   6.192820e-01   3.042960e-01
  1.776660e+00   6.570020e-01   3.094390e-01
  1.781350e+00   1.256180e+00   3.080030e-01
  1.786050e+00   9.183650e-01   3.012410e-01
  1.790750e+00   3.687980e-02   3.063540e-01
  1.795450e+00   4.888370e-01   3.071380e-01
  1.800140e+00   2.793360e-01   3.059660e-01
  1.804840e+00   8.953940e-01   3.008450e-01
  1.809540e+00   9.694480e-01   3.044550e-01
  1.814240e+00   7.377610e-01   3.040170e-01
  1.818930e+00   1.545450e-01   3.068250e-01
  1.823630e+00   5.247190e-01   2.978640e-01
  1.828330e+00   8.055510e-01   3.036420e-01
  1.833030e+00   6.343900e-01   3.023700e-01
  1.837730e+00   7.275090e-01   3.049200e-01
  1.842420e+00   9.280580e-01   2.970150e-01
  1.847120e+00   1.038830e+00   2.996040e-01
  1.851820e+00   4.238190e-01   3.030480e-01
  1.856520e+00   8.348160e-01   3.032470e-01
  1.861210e+00   6.947710e-01   2.970220e-01
  1.865910e+00   4.616700e-01   2.974520e-01
  1.870610e+00   7.896400e-01   3.007760e-01
  1.875310e+00   6.418010e-01   3.018210e-01
  1.880000e+00   6.742220e-01   3.006620e-01
  1.884700e+00   4.609520e-01   2.920620e-01
  1.889400e+00   9.677880e-01   2.998210e-01
  1.894100e+00   6.332270e-01   3.001060e-01
  1.898800e+00   7.459890e-01   2.972780e-01
  1.903490e+00   5.610930e-01   2.917890e-01
  1.908190e+00   8.041350e-01   2.980420e-01
  1.912890e+00   4.219390e-01   2.972100e-01
  1.917590e+00   4.317230e-01   2.972500e-01
  1.922280e+00   8.026400e-01   2.911600e-01
  1.926980e+00   3.130680e-01   2.964230e-01
  1.931680e+00   8.824910e-01   2.964510e-01
  1.936380e+00   7.155070e-01   2.936990e-01
  1.941080e+00   7.619500e-01   2.894830e-01
  1.945770e+00   7.425610e-01   2.894900e-01
  1.950470e+00   5.809960e-01   2.959330e-01
  1.955170e+00   7.845730e-01   2.903650e-01
  1.959870e+00   8.474220e-01   2.894290e-01
  1.964560e+00   5.443530e-01   2.888980e-01
  1.969260e+00   7.094230e-01   2.931370e-01
  1.973960e+00   6.389870e-01   2.918050e-01
  1.978660e+00   2.793440e-01   2.915670e-01
  1.983350e+00   6.364330e-01   2.862210e-01
  1.988050e+00   5.251240e-01   2.926620e-01
  1.992750e+00   8.500530e-01   2.914360e-01
  1.997450e+00   2.167740e-01   2.917800e-01
  2.002150e+00   1.038380e+00   2.899430e-01
  2.006840e+00   5.245450e-01   3.033240e-01
  2.011540e+00   8.491260e-02   3.059490e-01
  2.016240e+00   8.524290e-01   3.100530e-01
  2.020940e+00   5.902440e-01   3.116590e-01
  2.025630e+00   3.940830e-01   3.174740e-01
  2.030330e+00   2.117500e-01   3.193140e-01
  2.035030e+00   9.993980e-01   3.194700e-01
  2.039730e+00   4.465560e-01   3.187750e-01
  2.044420e+00   4.580760e-01   3.216390e-01
  2.049120e+00   1.574740e-01   3.211350e-01
  2.053820e+00   1.738550e-01   3.230000e-01
  2.058520e+00   6.309960e-01   3.230200e-01
  2.063220e+00   2.347820e-01   3.253970e-01
  2.067910e+00   9.305160e-01   3.176550e-01
  2.072610e+00   8.135760e-01   3.138960e-01
  2.077310e+00   5.597890e-01   3.046790e-01
  2.082010e+00   5.048340e-01   2.999950e-01
  2.086700e+00   2.992130e-01   2.977560e-01
  2.091400e+00   5.719490e-01   2.995500e-01
  2.096100e+00   3.316420e-02   2.946500e-01
  2.100800e+00   6.660220e-01   2.919680e-01
  2.105490e+00   6.178160e-01   2.917150e-01
  2.110190e+00   5.806900e-01   2.930600e-01
  2.114890e+00   5.163900e-01   2.947890e-01
  2.119590e+00   3.889680e-01   2.878920e-01
  2.124290e+00   5.015290e-01   2.891620e-01
  2.128980e+00   4.716260e-01   2.914090e-01
  2.133680e+00   1.473860e-01   2.937640e-01
  2.138380e+00   5.575960e-01   2.869590e-01
  2.143080e+00   6.330520e-01   2.863950e-01
  2.147780e+00   6.956990e-01   2.876040e-01
  2.152470e+00   2.387320e-01   2.908530e-01
  2.157170e+00  -9.656450e-02   2.889860e-01
  2.161870e+00   1.078000e+00   2.802350e-01
  2.166570e+00   2.291700e-01   2.865130e-01
  2.171260e+00  -2.588280e-02   2.875310e-01
  2.175960e+00   5.560130e-01   2.891420e-01
  2.180660e+00   6.208300e-01   2.800200e-01
  2.185360e+00   4.687060e-01   2.825720e-01
  2.190050e+00   1.248160e-01   2.857410e-01
  2.194750e+00   2.520370e-01   2.883920e-01
  2.199450e+00   8.215990e-01   2.790120e-01
  2.204150e+00   2.012670e-01   2.818430e-01
  2.208850e+00   5.777880e-01   2.819660e-01
  2.213540e+00   3.055250e-01   2.878840e-01
  2.218240e+00   4.779720e-01   2.778490e-01
  2.222940e+00   5.473770e-01   2.803970e-01
  2.227640e+00   3.342570e-01   2.808710e-01
  2.232330e+00   5.931300e-01   2.859140e-01
  2.237030e+00   2.881730e-01   2.775970e-01
  2.241730e+00   1.635310e-01   2.775200e-01
  2.246430e+00   5.662230e-01   2.799950e-01
  2.251120e+00   3.854640e-01   2.830580e-01
  2.255820e+00   4.532340e-02   2.813330e-01
  2.260520e+00   6.073680e-01   2.729970e-01
  2.265220e+00   4.664770e-01   2.792060e-01
  2.269920e+00   2.068180e-01   2.808730e-01
  2.274610e+00  -2.825960e-01   2.790920e-01
  2.279310e+00   2.827620e-01   2.722910e-01
  2.284010e+00   5.934790e-01   2.777440e-01
  2.288710e+00   6.870720e-01   2.779890e-01
  2.293400e+00   4.478060e-01   2.783090e-01
  2.298100e+00   5.607420e-01   2.724160e-01
  2.302800e+00   3.308220e-01   2.752750e-01
  2.307500e+00   2.185230e-01   2.784790e-01
  2.312200e+00   6.631570e-01   2.762860e-01
  2.316890e+00   2.828310e-01   2.716100e-01
  2.321590e+00   5.091700e-01   2.735410e-01
  2.326290e+00   3.693190e-01   2.764110e-01
  2.330990e+00   8.337420e-02   2.747430e-01
  2.335680e+00   5.697290e-01   2.735080e-01
  2.340380e+00   3.839340e-01   2.696210e-01
  2.345080e+00   1.552190e-01   2.746690e-01
  2.349780e+00   1.922380e-01   2.732080e-01
  2.354470e+00   5.277360e-01   2.769810e-01
  2.359170e+00   2.316000e-01   2.668180e-01
  2.363870e+00   4.776840e-01   2.717590e-01
  2.368570e+00  -9.356620e-02   2.734460e-01
  2.373260e+00   5.520360e-01   2.721320e-01
  2.377960e+00   4.583400e-01   2.680800e-01
  2.382660e+00   6.013300e-01   2.702920e-01
  2.387360e+00   1.350540e-02   2.707600e-01
  2.392060e+00   4.143530e-01   2.716060e-01
  2.396750e+00   2.721850e-01   2.692460e-01
  2.401450e+00   8.732300e-03   2.683990e-01
  2.406150e+00   3.752360e-01   2.687740e-01
  2.410850e+00   3.676210e-01   2.704560e-01
  2.415540e+00   5.547990e-01   2.675710e-01
  2.420240e+00   4.996150e-01   2.685120e-01
  2.424940e+00   1.856730e-01   2.686710e-01
  2.429640e+00   8.257430e-01   2.679450e-01
  2.434330e+00   1.062680e-01   2.668210e-01
  2.439030e+00   4.872550e-01   2.668150e-01
  2.443730e+00   4.106470e-01   2.672400e-01
  2.448430e+00   1.168710e-01   2.673300e-01
  2.453130e+00   2.868180e-01   2.687480e-01
  2.457820e+00   4.637500e-01   2.628080e-01
  2.462520e+00   3.245190e-01   2.648450e-01
  2.467220e+00   2.674300e-01   2.685040e-01
  2.471920e+00   5.301660e-01   2.665950e-01
  2.476610e+00   3.811100e-01   2.645590e-01
  2.481310e+00   3.351840e-01   2.637670e-01
  2.486010e+00   6.282080e-01   2.642880e-01
  2.490710e+00   7.975080e-01   2.654420e-01
  2.495410e+00   2.568710e-01   2.622230e-01
  2.500100e+00   4.299740e-01   2.640180e-01
  2.504800e+00   2.909180e-01   2.632960e-01
  2.509500e+00   1.088810e+00   2.640530e-01
  2.514200e+00   2.654810e-01   2.610910e-01
  2.518890e+00   1.569580e-01   2.630790e-01
  2.523590e+00   4.957780e-01   2.612600e-01
  2.528290e+00   5.066960e-01   2.624190e-01
  2.532990e+00   3.879460e-01   2.613270e-01
  2.537690e+00   5.045700e-01   2.609380e-01
  2.542380e+00   8.170460e-02   2.590050e-01
  2.547080e+00   1.687240e-01   2.602890e-01
  2.551780e+00   5.006550e-01   2.621660e-01
  2.556480e+00   1.200960e-01   2.575590e-01
  2.561170e+00   3.060930e-01   2.594890e-01
  2.565870e+00   8.720030e-01   2.613420e-01
  2.570570e+00   1.418100e-01   2.610650e-01
  2.575270e+00   4.754110e-01   2.572450e-01
  2.579960e+00   3.697290e-01   2.612770e-01
  2.584660e+00   5.734270e-01   2.585400e-01
  2.589360e+00   4.374990e-01   2.616480e-01
  2.594060e+00   6.521600e-01   2.571440e-01
  2.598760e+00   4.260400e-01   2.593750e-01
  2.603450e+00   4.053770e-01   2.573100e-01
  2.608150e+00   3.159620e-01   2.607310e-01
  2.612850e+00   4.959880e-01   2.554590e-01
  2.617550e+00   7.642320e-01   2.574150e-01
  2.622240e+00   3.116090e-01   2.587690e-01
  2.626940e+00   1.895360e-01   2.586000e-01
  2.631640e+00   5.321240e-01   2.560630e-01
  2.636340e+00   1.968970e-01   2.557260e-01
  2.641040e+00   9.987750e-02   2.574510e-01
  2.645730e+00   4.126220e-01   2.580640e-01
  2.650430e+00  -1.066520e-01   2.566210e-01
  2.655130e+00   3.268360e-01   2.524970e-01
  2.659830e+00   3.751050e-01   2.571740e-01
  2.664520e+00   2.590470e-01   2.568490e-01
  2.669220e+00   3.201920e-01   2.577030e-01
  2.673920e+00   5.133040e-01   2.501370e-01
  2.678620e+00   6.097370e-01   2.547420e-01
  2.683310e+00   6.882000e-02   2.565040e-01
  2.688010e+00  -1.968450e-01   2.565550e-01
  2.692710e+00   6.000870e-01   2.506210e-01
  2.697410e+00   5.177360e-01   2.544650e-01
  2.702100e+00   3.570540e-01   2.548300e-01
  2.706800e+00   3.942050e-01   2.555480e-01
  2.711500e+00  -7.590890e-02   2.506600e-01
  2.716200e+00   1.576130e-01   2.518620e-01
  2.720900e+00   6.376650e-01   2.545670e-01
  2.725590e+00   6.690030e-01   2.540610e-01
  2.730290e+00   6.850970e-01   2.508500e-01
  2.734990e+00   6.254890e-01   2.505800e-01
  2.739690e+00   3.196500e-01   2.529280e-01
  2.744380e+00   1.402890e-01   2.531880e-01
  2.749080e+00  -3.633750e-02   2.507040e-01
  2.753780e+00   4.136970e-01   2.491750e-01
  2.758480e+00   3.417220e-01   2.525020e-01
  2.763170e+00   2.805420e-01   2.517480e-01
  2.767870e+00   3.148580e-02   2.521480e-01
  2.772570e+00   5.638290e-01   2.466290e-01
  2.777270e+00   1.505250e-01   2.504000e-01
  2.781970e+00   5.374120e-02   2.518950e-01
  2.786660e+00   1.051660e-01   2.514100e-01
  2.791360e+00   4.488020e-01   2.464650e-01
  2.796060e+00   2.135490e-01   2.487030e-01
  2.800760e+00   1.628930e-01   2.518750e-01
  2.805450e+00   6.820280e-01   2.514010e-01
  2.810150e+00   4.297970e-01   2.555640e-01
  2.814850e+00   6.950170e-02   2.614170e-01
  2.819550e+00   5.784080e-02   2.636960e-01
  2.824240e+00   5.110750e-01   2.679170e-01
  2.828940e+00   5.737070e-01   2.659120e-01
  2.833640e+00   4.292750e-01   2.672740e-01
  2.838340e+00   3.965300e-01   2.712510e-01
  2.843040e+00   4.467830e-01   2.714370e-01
  2.847730e+00   9.407360e-02   2.697750e-01
  2.852430e+00   5.027120e-02   2.702850e-01
  2.857130e+00   1.391600e-02   2.730600e-01
  2.861830e+00   5.935400e-01   2.743440e-01
  2.866530e+00   1.288200e-01   2.750370e-01
  2.871220e+00   5.023690e-01   2.680470e-01
  2.875920e+00   1.094490e-01   2.642010e-01
  2.880620e+00   9.197560e-02   2.626310e-01
  2.885320e+00   6.719420e-02   2.595910e-01
  2.890010e+00   3.241870e-01   2.512980e-01
  2.894710e+00   2.271410e-01   2.535030e-01
  2.899410e+00  -9.469420e-02   2.547540e-01
  2.904110e+00  -3.445800e-02   2.542500e-01
  2.908800e+00   6.100170e-01   2.503830e-01
  2.913500e+00   6.534960e-02   2.514680e-01
  2.918200e+00   4.277970e-01   2.516200e-01
  2.922900e+00   1.893610e-01   2.530750e-01
  2.927600e+00   1.859270e-01   2.497980e-01
  2.932290e+00   1.650350e-01   2.497890e-01
  2.936990e+00   1.840910e-01   2.502330e-01
  2.941690e+00   1.265740e-01   2.506430e-01
  2.946390e+00   1.365470e-01   2.473170e-01
  2.951080e+00   5.906030e-01   2.483040e-01
  2.955780e+00  -4.583050e-02   2.486320e-01
  2.960480e+00  -1.556810e-02   2.484830e-01
  2.965180e+00   4.893100e-01   2.496060e-01
  2.969880e+00   3.949310e-02   2.465000e-01
  2.974570e+00   4.345540e-01   2.457250e-01
  2.979270e+00   7.172300e-01   2.481330e-01
  2.983970e+00   2.689250e-01   2.479840e-01
  2.988670e+00   5.764420e-01   2.459220e-01
  2.993360e+00   5.101400e-02   2.442620e-01
  2.998060e+00   1.844050e-01   2.467850e-01
  3.002760e+00   3.675440e-01   2.473290e-01
  3.007460e+00   1.044750e-01   2.441400e-01
  3.012150e+00   6.549910e-01   2.443260e-01
  3.016850e+00   4.205250e-01   2.441440e-01
  3.021550e+00  -8.525350e-02   2.462360e-01
  3.026250e+00   5.337060e-01   2.435220e-01
  3.030950e+00   2.494750e-01   2.441180e-01
  3.035640e+00   4.493280e-01   2.426030e-01
  3.040340e+00   1.813900e-01   2.455820e-01
  3.045040e+00   4.206210e-01   2.424420e-01
  3.049740e+00   2.621420e-01   2.430540e-01
  3.054430e+00   3.284090e-01   2.421480e-01
  3.059130e+00   3.213810e-01   2.434560e-01
  3.063830e+00   2.107170e-01   2.418690e-01
  3.068530e+00   2.037590e-01   2.421040e-01
  3.073220e+00   2.513130e-02   2.417370e-01
  3.077920e+00   3.066520e-01   2.423010e-01
  3.082620e+00   4.057690e-01   2.430230e-01
  3.087320e+00   2.720990e-01   2.380630e-01
  3.092010e+00   5.527460e-01   2.423280e-01
  3.096710e+00   6.853130e-02   2.410360e-01
  3.101410e+00   6.773550e-02   2.427420e-01
  3.106110e+00   4.652880e-01   2.381130e-01
  3.110810e+00  -1.017830e-01   2.409070e-01
  3.115500e+00   2.759790e-01   2.391770e-01
  3.120200e+00   8.143370e-02   2.414390e-01
  3.124900e+00   5.634700e-01   2.368780e-01
  3.129600e+00   3.327360e-01   2.391800e-01
  3.134290e+00   2.194410e-01   2.403140e-01
  3.138990e+00   7.749140e-02   2.400770e-01
  3.143690e+00   2.898170e-01   2.371080e-01
  3.148390e+00   6.334270e-01   2.379760e-01
  3.153080e+00   3.556790e-02   2.395000e-01
  3.157780e+00   1.486170e-01   2.381930e-01
  3.162480e+00   2.104020e-01   2.377690e-01
  3.167180e+00   3.180680e-01   2.361530e-01
  3.171880e+00   3.901490e-01   2.396280e-01
  3.176570e+00   2.001490e-01   2.379850e-01
  3.181270e+00   3.622550e-01   2.367880e-01
  3.185970e+00   5.503410e-01   2.350110e-01
  3.190670e+00   2.745370e-01   2.364970e-01
  3.195360e+00   3.187080e-02   2.367190e-01
  3.200060e+00   3.726490e-01   2.382550e-01
  3.204760e+00   1.112150e-01   2.308010e-01
  3.209460e+00   2.620640e-02   2.357070e-01
  3.214160e+00   3.100000e-01   2.370940e-01
  3.218850e+00   4.812100e-02   2.361370e-01
  3.223550e+00   2.307680e-02   2.322820e-01
  3.228250e+00   1.587410e-01   2.348040e-01
  3.232950e+00  -1.504360e-02   2.357320e-01
  3.237640e+00   3.928760e-01   2.354350e-01
  3.242340e+00   1.389860e-01   2.319660e-01
  3.247040e+00  -7.956300e-02   2.323730e-01
  3.251740e+00   4.285400e-01   2.353890e-01
  3.256440e+00   1.485750e-01   2.362310e-01
  3.261130e+00   8.997380e-02   2.311830e-01
  3.265830e+00   4.702880e-01   2.325320e-01
  3.270530e+00   3.476490e-01   2.352670e-01
  3.275230e+00   4.348780e-01   2.358340e-01
  3.279920e+00   1.431470e-01   2.308490e-01
  3.284620e+00   4.920980e-01   2.324890e-01
  3.289320e+00   4.477800e-01   2.327080e-01
  3.294020e+00   7.583060e-02   2.098900e-01
  3.298720e+00   6.378940e-01   2.321300e-01
  3.303410e+00   3.033310e-01   2.300040e-01
  3.308110e+00   2.209530e-01   2.328630e-01
  3.312810e+00   1.694670e-01   2.342010e-01
  3.317510e+00   1.806650e-01   2.332270e-01
  3.322200e+00  -1.188820e-02   2.275790e-01
  3.326900e+00   1.102180e-01   2.309600e-01
  3.331600e+00   1.123340e-01   2.336810e-01
  3.336300e+00   2.332150e-02   2.317500e-01
  3.340990e+00   7.211750e-03   2.290240e-01
  3.345690e+00   5.975340e-01   2.301250e-01
  3.350390e+00   1.121410e-01   2.322890e-01
  3.355090e+00   2.694930e-01   2.311190e-01
  3.359790e+00   3.836450e-01   2.276580e-01
  3.364480e+00   3.475170e-01   2.286280e-01
  3.369180e+00   2.618710e-01   2.314210e-01
  3.373880e+00   2.032520e-01   2.312120e-01
  3.378580e+00   3.178760e-01   2.311140e-01
  3.383270e+00   2.045020e-01   2.361480e-01
  3.387970e+00   2.291780e-01   2.415470e-01
  3.392670e+00   1.921150e-01   2.423800e-01
  3.397370e+00   8.360150e-02   2.443180e-01
  3.402060e+00   4.280250e-01   2.446850e-01
  3.406760e+00   3.266170e-01   2.441530e-01
  3.411460e+00  -1.974650e-01   2.459790e-01
  3.416160e+00  -3.324910e-01   2.455340e-01
  3.420850e+00   7.042810e-02   2.451390e-01
  3.425550e+00   5.933480e-01   2.468690e-01
  3.430250e+00  -2.311540e-01   2.483790e-01
  3.434950e+00   4.002800e-01   2.487000e-01
  3.439650e+00   3.747990e-01   2.465560e-01
  3.444340e+00   1.716430e-01   2.473030e-01
  3.449040e+00   8.006800e-03   2.502060e-01
  3.453740e+00   4.575260e-01   2.498350e-01
  3.458440e+00   5.424740e-01   2.490270e-01
  3.463130e+00   5.003320e-01   2.506210e-01
  3.467830e+00   3.715830e-01   2.514740e-01
  3.472530e+00  -1.991790e-01   2.508510e-01
  3.477230e+00   1.738990e-01   2.505210e-01
  3.481920e+00   3.513550e-01   2.523810e-01
  3.486620e+00   4.460580e-01   2.512480e-01
  3.491320e+00  -1.558390e-01   2.541110e-01
  3.496020e+00   6.559530e-01   2.491700e-01
  3.500720e+00   1.613200e-01   2.530030e-01
  3.505410e+00   6.066250e-03   2.556150e-01
  3.510110e+00   8.092910e-01   2.532950e-01
  3.514810e+00   2.384440e-01   2.517520e-01
  3.519510e+00   5.669320e-01   2.552850e-01
  3.524200e+00   2.215030e-01   2.549520e-01
  3.528900e+00   2.578670e-01   2.544770e-01
  3.533600e+00  -1.763130e-02   2.531590e-01
  3.538300e+00   5.286010e-01   2.534310e-01
  3.543000e+00  -3.615560e-01   2.566610e-01
  3.547690e+00   1.100700e-01   2.554350e-01
  3.552390e+00   4.059690e-01   2.563780e-01
  3.557090e+00  -5.559440e-02   2.536600e-01
  3.561790e+00   1.920630e-01   2.565030e-01
  3.566480e+00   5.366080e-01   2.575620e-01
  3.571180e+00   3.056290e-01   2.569490e-01
  3.575880e+00   3.201570e-01   2.538350e-01
  3.580580e+00   4.556640e-01   2.590510e-01
  3.585280e+00  -1.984180e-01   2.574900e-01
  3.589970e+00   6.910820e-02   2.566770e-01
  3.594670e+00  -1.327620e-01   2.544760e-01
  3.599370e+00   6.660850e-02   2.568570e-01
  3.604070e+00   4.056810e-02   2.554310e-01
  3.608760e+00   4.785310e-01   2.593710e-01
  3.613460e+00  -4.006730e-01   2.654890e-01
  3.618160e+00  -6.801560e-02   2.754120e-01
  3.622860e+00   2.883480e-01   2.750070e-01
  3.627560e+00   5.731380e-01   2.797500e-01
  3.632250e+00   4.432260e-01   2.808780e-01
  3.636950e+00   6.931820e-02   2.852170e-01
  3.641650e+00  -6.447530e-02   2.844910e-01
  3.646350e+00   1.027970e-01   2.854170e-01
  3.651040e+00  -3.348770e-02   2.880220e-01
  3.655740e+00   2.970010e-01   2.907330e-01
  3.660440e+00   6.141340e-01   2.899250e-01
  3.665140e+00   5.243700e-01   2.898890e-01
  3.669830e+00   4.779280e-01   2.967030e-01
  3.674530e+00   1.029630e-01   2.952700e-01
  3.679230e+00   3.344400e-02   2.951620e-01
  3.683930e+00  -6.633750e-02   2.963400e-01
  3.688630e+00   9.554460e-01   2.996970e-01
  3.693320e+00   6.979640e-01   3.004090e-01
  3.698020e+00   6.087420e-01   3.015780e-01
  3.702720e+00  -1.272120e-01   3.007750e-01
  3.707420e+00   3.400370e-02   3.044610e-01
  3.712110e+00   4.301490e-01   3.075130e-01
  3.716810e+00   5.632950e-01   3.070940e-01
  3.721510e+00   9.472050e-02   3.041090e-01
  3.726210e+00   3.417220e-01   3.085340e-01
  3.730900e+00   1.431730e-01   3.114100e-01
  3.735600e+00   5.710670e-01   3.134850e-01
  3.740300e+00   1.894410e-01   3.094970e-01
  3.745000e+00  -1.014860e-01   3.112840e-01
  3.749700e+00  -1.487060e-01   3.174740e-01
  3.754390e+00   8.200340e-01   3.180210e-01
  3.759090e+00  -4.936530e-01   3.158240e-01
  3.763790e+00  -5.183370e-03   3.148940e-01
  3.768490e+00  -4.097100e-01   3.205590e-01
  3.773180e+00   3.873770e-01   3.227560e-01
  3.777880e+00   4.160740e-01   3.216930e-01
  3.782580e+00   4.135750e-01   3.183710e-01
  3.787280e+00   3.795540e-01   3.257760e-01
  3.791970e+00   2.149830e-01   3.251770e-01
  3.796670e+00   4.348160e-01   3.278770e-01
  3.801370e+00  -7.810300e-02   3.252980e-01
  3.806070e+00   3.779640e-01   3.275810e-01
  3.810760e+00  -9.945800e-02   3.322190e-01
  3.815460e+00   6.425890e-01   3.323610e-01
  3.820160e+00  -1.317310e-01   3.284340e-01
  3.824860e+00   2.959960e-01   3.342480e-01
  3.829560e+00  -3.147760e-02   3.371000e-01
  3.834250e+00   2.223950e-01   3.339300e-01
  3.838950e+00   4.583990e-02   3.374750e-01
  3.843650e+00   1.752010e-01   3.373140e-01
  3.848350e+00  -3.114330e-01   3.425250e-01
  3.853040e+00   6.783390e-01   3.358590e-01
  3.857740e+00  -2.765210e-01   3.418230e-01
  3.862440e+00   3.361540e-01   3.413540e-01
  3.867140e+00   4.233740e-01   3.489470e-01
  3.871840e+00   7.348780e-02   3.418220e-01
  3.876530e+00   2.378150e-01   3.460720e-01
  3.881230e+00   2.489600e-01   3.448590e-01
  3.885930e+00   8.262230e-02   3.522060e-01
  3.890630e+00   3.867310e-01   3.490690e-01
  3.895320e+00   5.891600e-01   3.510510e-01
  3.900020e+00   6.884350e-01   3.503540e-01
  3.904720e+00   2.382950e-01   3.547980e-01
  3.909420e+00  -1.888980e-01   3.531390e-01
  3.914110e+00  -1.131290e-01   3.547530e-01
  3.918810e+00   5.712230e-01   3.554980e-01
  3.923510e+00  -2.102620e-01   3.560540e-01
  3.928210e+00   9.341410e-01   3.595070e-01
  3.932910e+00  -3.404540e-01   3.547880e-01
  3.937600e+00  -1.422380e-01   3.567750e-01
  3.942300e+00   4.203700e-02   3.572260e-01
  3.947000e+00   6.282170e-01   3.613360e-01
  3.951700e+00   9.714760e-01   3.560440e-01
  3.956390e+00   1.846160e-01   3.591310e-01
  3.961090e+00  -3.297380e-01   3.600950e-01
  3.965790e+00   2.072120e-01   3.622280e-01
  3.970490e+00   4.070190e-01   3.593590e-01
  3.975190e+00  -3.422640e-01   3.642220e-01
  3.979880e+00   5.709000e-01   3.648860e-01
  3.984580e+00   3.699040e-01   3.683940e-01
  3.989280e+00   4.518440e-01   3.637760e-01
  3.993980e+00   6.557340e-01   3.700710e-01
  3.998670e+00   2.420430e-02   3.676150e-01
  4.003370e+00  -2.409790e-01   3.742310e-01
  4.008070e+00   4.205600e-01   3.697580e-01
  4.012770e+00   4.717570e-01   3.725180e-01
  4.017460e+00  -1.364420e-01   3.749280e-01
  4.022160e+00   2.031470e-01   3.769310e-01
  4.026860e+00   4.412510e-01   3.772770e-01
  4.031560e+00   5.283200e-01   3.780130e-01
  4.036260e+00   4.851060e-01   3.800560e-01
  4.040950e+00   3.778320e-01   3.818380e-01
  4.045650e+00   2.399290e-01   3.840520e-01
  4.050350e+00  -2.201040e-01   3.807680e-01
  4.055050e+00  -2.694320e-01   3.861600e-01
  4.059740e+00  -4.098340e-01   3.846470e-01
  4.064440e+00   3.237690e-01   3.891870e-01
  4.069140e+00  -4.285750e-01   3.858190e-01
  4.073840e+00  -7.758560e-01   3.920660e-01
  4.078530e+00   8.945900e-01   3.924930e-01
  4.083230e+00   4.027710e-01   3.946370e-01
  4.087930e+00   4.959050e-02   3.919810e-01
  4.092630e+00   6.301140e-01   3.950110e-01
  4.097330e+00   2.197460e-01   3.988000e-01
  4.102020e+00   1.520450e-01   4.003260e-01
  4.106720e+00   4.473870e-01   3.987890e-01
  4.111420e+00  -8.400400e-03   4.012400e-01
  4.116120e+00   6.908470e-01   4.035770e-01
  4.120810e+00   6.837400e-02   4.073200e-01
  4.125510e+00   3.841440e-01   4.042540e-01
  4.130210e+00   9.508740e-02   4.045100e-01
  4.134910e+00  -1.746940e-01   4.122680e-01
  4.139610e+00  -4.259530e-01   4.135740e-01
  4.144300e+00   6.836280e-01   4.103280e-01
  4.149000e+00   2.856820e-01   4.097530e-01
  4.153700e+00   3.629810e-01   4.174040e-01
  4.158400e+00   4.794150e-01   4.195710e-01
  4.163090e+00   1.896680e-01   4.180310e-01
  4.167790e+00   6.498170e-01   4.178670e-01
  4.172490e+00   6.509360e-01   4.233980e-01
  4.177190e+00   2.521590e-01   4.273740e-01
  4.181890e+00   5.520630e-01   4.226830e-01
  4.186580e+00   1.572200e-01   4.249030e-01
  4.191280e+00   1.824650e-01   4.262590e-01
  4.195980e+00   9.730770e-02   4.348410e-01
  4.200680e+00   4.970450e-01   4.318250e-01
  4.205370e+00   6.145280e-01   4.302500e-01
  4.210070e+00  -3.290380e-01   4.345730e-01
  4.214770e+00   4.459080e-01   4.415910e-01
  4.219470e+00   7.360390e-01   4.360530e-01
  4.224160e+00   6.928320e-02   4.347190e-01
  4.228860e+00   1.200160e-01   4.447030e-01
  4.233560e+00   9.913900e-01   4.501970e-01
  4.238260e+00  -1.451050e-01   4.408910e-01
  4.242960e+00   3.009880e-01   4.448030e-01
  4.247650e+00   3.251820e-02   4.508690e-01
  4.252350e+00   9.691630e-01   4.562170e-01
  4.257050e+00  -1.306290e-01   4.513210e-01
  4.261750e+00  -1.169910e-01   4.526520e-01
  4.266440e+00   1.605480e-01   4.524520e-01
  4.271140e+00  -6.987680e-02   4.658550e-01
  4.275840e+00   5.917230e-01   4.614330e-01
  4.280540e+00  -3.426490e-01   4.597720e-01
  4.285230e+00  -2.902080e-03   4.600920e-01
  4.289930e+00   3.198170e-01   4.698710e-01
  4.294630e+00   4.936890e-01   4.737640e-01
  4.299330e+00   6.692330e-02   4.663290e-01
  4.304030e+00   2.801660e-01   4.697570e-01
  4.308720e+00  -2.453230e-01   4.792260e-01
  4.313420e+00  -3.802000e-03   4.807580e-01
  4.318120e+00  -6.305050e-02   4.749980e-01
  4.322820e+00   2.141780e-01   4.770630e-01
  4.327510e+00   7.304550e-01   4.864080e-01
  4.332210e+00   1.132380e+00   4.915280e-01
  4.336910e+00   3.164680e-01   4.847650e-01
  4.341610e+00  -1.011630e-01   4.867460e-01
  4.346310e+00  -4.873080e-01   4.913420e-01
  4.351000e+00   2.689170e-01   5.050030e-01
  4.355700e+00   2.302630e-01   4.915730e-01
  4.360400e+00   1.249820e-01   4.984980e-01
  4.365100e+00   6.876240e-01   5.021570e-01
  4.369790e+00  -2.396770e-01   5.112130e-01
  4.374490e+00   4.882520e-01   5.053440e-01
  4.379190e+00  -3.680050e-03   5.036330e-01
  4.383890e+00   8.012500e-01   5.132570e-01
  4.388580e+00   4.470720e-01   5.253580e-01
  4.393280e+00   2.819490e-01   5.078690e-01
  4.397980e+00   2.572210e-01   5.121790e-01
  4.402680e+00  -2.556730e-01   5.126380e-01
  4.407380e+00   1.253320e-01   5.268510e-01
  4.412070e+00  -1.798420e-01   5.118670e-01
  4.416770e+00   4.403730e-02   5.121970e-01
  4.421470e+00  -9.725260e-01   5.128590e-01
  4.426170e+00   4.067650e-01   5.253780e-01
  4.430860e+00   5.342600e-02   5.189840e-01
  4.435560e+00   3.647200e-01   5.155410e-01
  4.440260e+00   4.467380e-01   5.194690e-01
  4.444960e+00   6.908200e-01   5.319600e-01
  4.449650e+00   1.016350e-01   5.318700e-01
  4.454350e+00   2.587940e-01   5.243650e-01
  4.459050e+00   6.244480e-01   5.323260e-01
  4.463750e+00   3.106800e-01   5.398550e-01
  4.468450e+00   8.250510e-01   5.492180e-01
  4.473140e+00  -2.308550e-02   5.389250e-01
  4.477840e+00  -5.742750e-01   5.387120e-01
  4.482540e+00   4.785760e-01   5.504460e-01
  4.487240e+00   6.473150e-01   5.632200e-01
  4.491930e+00   1.669240e-01   5.478800e-01
  4.496630e+00   1.004190e+00   5.562190e-01
  4.501330e+00   1.291060e+00   5.624710e-01
  4.506030e+00   4.040290e-01   5.777310e-01
  4.510720e+00  -4.871600e-01   5.600200e-01
  4.515420e+00   4.529370e-01   5.696040e-01
  4.520120e+00   2.852280e-01   5.761430e-01
  4.524820e+00  -9.306980e-01   5.901530e-01
  4.529520e+00  -8.774610e-02   5.742090e-01
  4.534210e+00  -3.104990e-01   5.797080e-01
  4.538910e+00  -7.809880e-01   5.866920e-01
  4.543610e+00  -1.104950e-02   6.116870e-01
  4.548310e+00  -1.618530e-01   5.908040e-01
  4.553000e+00   3.858940e-01   5.933520e-01
  4.557700e+00  -5.430670e-01   6.032930e-01
  4.562400e+00   1.062330e-01   6.143570e-01
  4.567100e+00  -5.643180e-01   6.151610e-01
  4.571790e+00   8.193620e-01   6.077880e-01
  4.576490e+00   3.459980e-01   6.168780e-01
  4.581190e+00   1.321570e+00   6.359590e-01
  4.585890e+00  -3.299990e-01   6.363280e-01
  4.590590e+00   1.138220e+00   6.234340e-01
  4.595280e+00  -7.236630e-01   6.331290e-01
  4.599980e+00  -6.072450e-01   6.510720e-01
  4.604680e+00   2.896420e-01   6.578030e-01
  4.609380e+00   1.436360e-01   6.466790e-01
  4.614070e+00   1.863390e-01   6.492970e-01
  4.618770e+00   8.199300e-02   6.674750e-01
  4.623470e+00  -2.000970e-01   6.818350e-01
  4.628170e+00  -1.687060e-01   6.620840e-01
  4.632860e+00   1.037030e+00   6.735190e-01
  4.637560e+00   1.457880e+00   6.915430e-01
  4.642260e+00   3.892910e-01   7.066500e-01
  4.646960e+00   6.184110e-01   6.826220e-01
  4.651660e+00   4.251110e-01   6.936300e-01
  4.656350e+00   2.079460e-01   7.110430e-01
  4.661050e+00   3.292300e-01   7.457150e-01
  4.665750e+00   1.122070e+00   7.078040e-01
  4.670450e+00  -1.729880e-01   7.144610e-01
  4.675140e+00  -2.502980e-01   7.279360e-01
  4.679840e+00   1.329630e+00   7.817260e-01
  4.684540e+00  -6.723080e-01   7.312790e-01
  4.689240e+00   8.106460e-01   7.445100e-01
  4.693940e+00   5.743190e-01   7.491550e-01
  4.698630e+00   3.047830e-01   7.943730e-01
  4.703330e+00   2.409280e-01   7.870720e-01
  4.708030e+00  -1.119840e+00   7.731420e-01
  4.712730e+00   9.796860e-01   7.889870e-01
  4.717420e+00   9.262920e-01   8.060160e-01
  4.722120e+00  -3.133990e-01   8.357030e-01
  4.726820e+00   1.703320e-01   8.092780e-01
  4.731520e+00  -6.934690e-01   8.206480e-01
  4.736210e+00  -5.112940e-01   8.408590e-01
  4.740910e+00   8.413560e-01   8.798770e-01
  4.745610e+00   5.541260e-01   8.487190e-01
  4.750310e+00  -5.282000e-01   8.629320e-01
  4.755010e+00   7.145270e-01   8.805730e-01
  4.759700e+00   7.284010e-01   9.254300e-01
  4.764400e+00   1.198250e-01   8.900210e-01
  4.769100e+00  -6.480870e-02   9.079390e-01
  4.773800e+00  -3.391420e-01   9.429400e-01
  4.778490e+00   1.335670e+00   9.761930e-01
  4.783190e+00   6.423090e-01   9.457470e-01
  4.787890e+00  -1.407690e-01   9.633840e-01
  4.792590e+00  -8.853320e-01   1.003950e+00
  4.797280e+00   9.996920e-01   1.032930e+00
  4.801980e+00   1.993260e-01   1.008480e+00
  4.806680e+00  -2.058650e-01   1.024870e+00
  4.811380e+00   2.022020e-01   1.076660e+00
  4.816080e+00  -2.883130e-01   1.111090e+00
  4.820770e+00  -4.169050e-01   1.092740e+00
  4.825470e+00  -5.412850e-01   1.110750e+00
  4.830170e+00   8.761800e-01   1.176470e+00
  4.834870e+00   1.164150e+00   1.192500e+00
  4.839570e+00   2.915050e-01   1.184950e+00
  4.844260e+00  -5.912070e-01   1.237090e+00
  4.848960e+00  -3.737220e-01   1.308000e+00
  4.853660e+00   5.545450e-01   1.317690e+00
  4.858360e+00  -1.551210e+00   1.324780e+00
  4.863050e+00  -2.598810e+00   1.374660e+00
  4.867750e+00   1.533140e+00   1.479600e+00
  4.872450e+00  -1.047340e+00   1.440000e+00
  4.877150e+00   6.507500e-01   1.542750e+00
  4.881840e+00   1.279480e+00   1.634720e+00
  4.886540e+00   4.145460e+00   1.721610e+00
  4.891240e+00  -1.974290e+00   1.721390e+00
  4.895940e+00   1.635630e+00   1.869560e+00
  4.900640e+00   7.986190e-01   2.021030e+00
  4.905330e+00  -3.228230e-01   2.030550e+00
  4.910030e+00   1.119060e+00   2.278830e+00
  4.914730e+00   1.376270e+00   2.671090e+00
  4.919430e+00   2.234190e+00   2.909460e+00
  4.924120e+00  -6.523500e-01   3.036630e+00
  4.928820e+00   4.417560e+00   3.824430e+00
  4.933520e+00  -5.944350e+00   6.040880e+00
parent: /Users/ellen/Documents/Statherin/SAXS/Grenoble_sep-17/Analysis/Series3/Other/avrg_001.dat
range-from: 1
range-to: 1043
