3.850122999999999740e-02 -3.401073888888868169e+01 6.195754438424424748e+00
4.319894999999999985e-02 2.561697222222278469e+00 3.811967452637051501e+00
4.789666000000000062e-02 1.600788777777768246e+01 2.376563853786092029e+00
5.259438000000000307e-02 1.535150999999996202e+01 1.997013469602076263e+00
5.729208999999999691e-02 1.945540111111114356e+01 1.554522081308521209e+00
6.198979999999999768e-02 1.917214722222223600e+01 1.271338916228756055e+00
6.668752000000000013e-02 2.099511777777777866e+01 1.104103881302155088e+00
7.138522999999999397e-02 1.952172111111110553e+01 9.637657040517285667e-01
7.608294000000000168e-02 2.006281944444444321e+01 8.087689705613038127e-01
8.078066000000000413e-02 2.094877999999999929e+01 7.116073602954028354e-01
8.547836999999999796e-02 2.056790655555556668e+01 6.598831989289646316e-01
9.017609000000000041e-02 2.115891555555555215e+01 5.836982033914418500e-01
9.487379999999999425e-02 2.199841944444445119e+01 5.179616776180727689e-01
9.957151000000000196e-02 2.165193333333333214e+01 4.773536120750304645e-01
1.042692000000000063e-01 2.215212644444444123e+01 4.311734930398483101e-01
1.089669000000000054e-01 2.150037822222222417e+01 4.209702757520764616e-01
1.136646999999999935e-01 2.162165933333332646e+01 3.756583907633087582e-01
1.183624000000000065e-01 2.127686105555556040e+01 3.463527356571158844e-01
1.230601000000000056e-01 2.079411233333333087e+01 3.262951731005065414e-01
1.277578000000000047e-01 2.029857327777778409e+01 3.242336327750588443e-01
1.324555000000000038e-01 2.087744072222222513e+01 3.027010685512614430e-01
1.371532000000000029e-01 2.084653761111110626e+01 2.801108829438807568e-01
1.418509000000000020e-01 2.060579811111111326e+01 2.667221509276416769e-01
1.465487000000000040e-01 2.067684005555556581e+01 2.626646830363795759e-01
1.512464000000000031e-01 2.081573283333334246e+01 2.542718513418646964e-01
1.559441000000000022e-01 2.069093400000000216e+01 2.393639343620823090e-01
1.606418000000000013e-01 2.028323544444444337e+01 2.270849684567184390e-01
1.653395000000000004e-01 2.056939333333333764e+01 2.236240244785555054e-01
1.700371999999999995e-01 2.053703977777777823e+01 2.262405318576685420e-01
1.747348999999999986e-01 2.050357999999999592e+01 2.109730364666207447e-01
1.794325999999999977e-01 2.049186002222222314e+01 2.027412003318380118e-01
1.841303999999999996e-01 2.051722866666666434e+01 2.015461177673492366e-01
1.888280999999999987e-01 2.025493646111111445e+01 2.021729566047551219e-01
1.935257999999999978e-01 1.998910958333333099e+01 1.918314156399837100e-01
1.982234999999999969e-01 2.059941102777777999e+01 1.835280586288055571e-01
2.029211999999999960e-01 2.023144857222222726e+01 1.824344211414838657e-01
2.076188999999999951e-01 2.033168840555555690e+01 1.844561246421505263e-01
2.123165999999999942e-01 2.018500317777777653e+01 1.789322824789335575e-01
2.170143999999999962e-01 2.021405241666666797e+01 1.667157490365432093e-01
2.217120999999999953e-01 2.018024585000000215e+01 1.721377472508345829e-01
2.264097999999999944e-01 1.984475876666666849e+01 1.673800995593383856e-01
2.311074999999999935e-01 2.030016509444443784e+01 1.711922942110425394e-01
2.358051999999999926e-01 2.021232081111111256e+01 1.579501512973036093e-01
2.405028999999999917e-01 2.038077509444444502e+01 1.610950249380172783e-01
2.452005999999999908e-01 2.018757992222221986e+01 1.578802944529623664e-01
2.498983999999999928e-01 2.019188115000000394e+01 1.611841396572598339e-01
2.545960999999999919e-01 2.015178993333333324e+01 1.490116730821332836e-01
2.592938000000000187e-01 2.019334656666666916e+01 1.494019312213235307e-01
2.639914999999999901e-01 2.013673755555555545e+01 1.518832624754012650e-01
2.686892000000000169e-01 2.001180147222222061e+01 1.513233047139147247e-01
2.733868999999999883e-01 1.995804834444444253e+01 1.424046460740995834e-01
2.780846000000000151e-01 2.028663869999999747e+01 1.435321636495258957e-01
2.827822999999999865e-01 2.023509086111111088e+01 1.438686822178956159e-01
2.874801000000000162e-01 2.011566846666666919e+01 1.443609528127436370e-01
2.921777999999999875e-01 2.022395103888888457e+01 1.427807650023262820e-01
2.968755000000000144e-01 2.002487353888888677e+01 1.337860801916760101e-01
3.015731999999999857e-01 1.998112799444444221e+01 1.376377290099133066e-01
3.062709000000000126e-01 2.003802993333333049e+01 1.367410046565918358e-01
3.109685999999999839e-01 1.992088560555555432e+01 1.377503346951459151e-01
3.156663000000000108e-01 2.000663090555555357e+01 1.287069599290002753e-01
3.203640999999999850e-01 1.998851788333333346e+01 1.328942239334097997e-01
3.250618000000000118e-01 2.005755936111111026e+01 1.296649224290760960e-01
3.297594999999999832e-01 2.008737776111111017e+01 1.343350844026202362e-01
3.344572000000000100e-01 1.998331234999999140e+01 1.263571438300686578e-01
3.391548999999999814e-01 1.992146972777777592e+01 1.266621635805719737e-01
3.438526000000000082e-01 2.023783926666666844e+01 1.299892667467733576e-01
3.485502999999999796e-01 2.015362451111111142e+01 1.294198712269007401e-01
3.532481000000000093e-01 2.003529183333333918e+01 1.296588492108335933e-01
3.579457999999999807e-01 2.011617175555555548e+01 1.335728005476276570e-01
3.626435000000000075e-01 2.026758979999999610e+01 1.384403847195806725e-01
3.673411999999999789e-01 2.009158436111111001e+01 1.365267807766093744e-01
3.720389000000000057e-01 2.017685594444444064e+01 1.393499316162248591e-01
3.767365999999999771e-01 2.031960544444444139e+01 1.379501508617554106e-01
3.814343000000000039e-01 2.020814409444444237e+01 1.415192877505027369e-01
3.861320999999999781e-01 1.999833168888888935e+01 1.421909997099450873e-01
3.908298000000000050e-01 2.034630942777777918e+01 1.431768155284717237e-01
3.955274999999999763e-01 2.004869675555555375e+01 1.487980541196248785e-01
4.002252000000000032e-01 2.005696723888888755e+01 1.494377794152715322e-01
4.049228999999999745e-01 2.006673175555555133e+01 1.538488998536538255e-01
4.096206000000000014e-01 2.001414481111111243e+01 1.563360062989083143e-01
4.143182999999999727e-01 2.019060970000000310e+01 1.592264843652719530e-01
4.190159999999999996e-01 2.029169828888888816e+01 1.626317720831608749e-01
4.237137999999999738e-01 2.005582854444444152e+01 1.632840675687048937e-01
4.284115000000000006e-01 2.012307249444444679e+01 1.717631653508517320e-01
4.331092000000000275e-01 2.027570229444444649e+01 1.703189711718292587e-01
4.378068999999999988e-01 2.033739768888888833e+01 1.727160965265068793e-01
4.425046000000000257e-01 2.003968648333333391e+01 1.767794653330755916e-01
4.472022999999999970e-01 1.998848566666666571e+01 1.781589067752819278e-01
4.519000000000000239e-01 2.024091416111111386e+01 1.820361177610942405e-01
4.565977999999999981e-01 1.990884698333333347e+01 1.753855483665203441e-01
4.612955000000000250e-01 2.047353410555555442e+01 1.685830928338720724e-01
4.659931999999999963e-01 2.038750174999999842e+01 1.698145763759014437e-01
4.706909000000000232e-01 2.024331326111111196e+01 1.709939035736835478e-01
4.753885999999999945e-01 2.003429996666666568e+01 1.615005088733205141e-01
4.800863000000000214e-01 2.000382589444444648e+01 1.598797332691140882e-01
4.847839999999999927e-01 2.008236103888888735e+01 1.624966759491942858e-01
4.894818000000000224e-01 1.990386653333332845e+01 1.643279887419216434e-01
4.941794999999999938e-01 2.022330510555555705e+01 1.572346067017782734e-01
4.988772000000000206e-01 2.023765207777777775e+01 1.579729486781199788e-01
5.035749000000000475e-01 2.013090120555555984e+01 1.602329920021918763e-01
5.082725999999999633e-01 1.992381724444444302e+01 1.606437826822175452e-01
5.129702999999999902e-01 2.032874480555555508e+01 1.544668652033670819e-01
5.176680000000000170e-01 2.009976230555555077e+01 1.542070096572366322e-01
5.223657000000000439e-01 1.977055610000000030e+01 1.539857977097327524e-01
5.270635000000000181e-01 1.992799716666667109e+01 1.589962370873746478e-01
5.317612000000000450e-01 2.004630672777777889e+01 1.511507536211338376e-01
5.364588999999999608e-01 2.002656136111111351e+01 1.509974302011461988e-01
5.411565999999999876e-01 2.005445063888889123e+01 1.494662837976866998e-01
5.458543000000000145e-01 2.000573392777777926e+01 1.537136292576645191e-01
5.505520000000000413e-01 1.987605113333333406e+01 1.508006516952380971e-01
5.552496999999999572e-01 1.985958911111110936e+01 1.450353780779534973e-01
5.599475000000000424e-01 2.034126243333333406e+01 1.480379797829784183e-01
5.646451999999999583e-01 2.011178492777777649e+01 1.494162862857999763e-01
5.693428999999999851e-01 2.016749146111111202e+01 1.469837562049281510e-01
5.740406000000000120e-01 2.018579153888888911e+01 1.416134020318573494e-01
5.787383000000000388e-01 2.032190851666666731e+01 1.462119001762774706e-01
5.834359999999999546e-01 2.006066011666666427e+01 1.446659438335710923e-01
5.881336999999999815e-01 1.992115350555555509e+01 1.447391563803756831e-01
5.928314999999999557e-01 1.998465350000000385e+01 1.414843118919483222e-01
5.975291999999999826e-01 1.992278845000000231e+01 1.422065816624669410e-01
6.022269000000000094e-01 2.035596982222222096e+01 1.446566725840986167e-01
6.069246000000000363e-01 1.998772293333333394e+01 1.472375561730679960e-01
6.116222999999999521e-01 2.004180447777777729e+01 1.398837793272001140e-01
6.163199999999999790e-01 1.984229273888889011e+01 1.401374783205598107e-01
6.210177000000000058e-01 2.009626633333333601e+01 1.434513939949220995e-01
6.257154000000000327e-01 1.980063318333333200e+01 1.418496267666610466e-01
6.304132000000000069e-01 2.029542722777777897e+01 1.419035137826108739e-01
6.351109000000000337e-01 2.029146923333333419e+01 1.383776860711835588e-01
6.398085999999999496e-01 2.021579890555555892e+01 1.411721214691324666e-01
6.445062999999999764e-01 2.014684361666666845e+01 1.409966840470774363e-01
6.492040000000000033e-01 2.013922181111111342e+01 1.422671639481713768e-01
6.539017000000000301e-01 1.975183460555555826e+01 1.365595697858779101e-01
6.585993999999999460e-01 1.989047672222222474e+01 1.397201582280525323e-01
6.632972000000000312e-01 2.013443258888888465e+01 1.400129055436088177e-01
6.679948999999999470e-01 2.010001558888889051e+01 1.404556233710186064e-01
6.726925999999999739e-01 2.000729150555555336e+01 1.367020767341771692e-01
6.773903000000000008e-01 2.019061798888888859e+01 1.369895284210878306e-01
6.820880000000000276e-01 1.991690217777777860e+01 1.369616407689909221e-01
6.867857000000000545e-01 2.021208757777777976e+01 1.394568926544384468e-01
6.914833999999999703e-01 2.004493937222222044e+01 1.362170515358597511e-01
6.961811999999999445e-01 2.000497449444444342e+01 1.358746361694111726e-01
7.008788999999999714e-01 2.005021889444444483e+01 1.363363800185314889e-01
7.055765999999999982e-01 2.000916336666666950e+01 1.387788386867417900e-01
7.102743000000000251e-01 1.998315006666667060e+01 1.349439170007963318e-01
7.149720000000000519e-01 1.997867676111111379e+01 1.353294819584068553e-01
7.196696999999999678e-01 2.010050213888888848e+01 1.350710051412811474e-01
7.243673999999999946e-01 2.003376414444444364e+01 1.356077497693182199e-01
7.290651999999999688e-01 2.004772923333333523e+01 1.377858872510767663e-01
7.337628999999999957e-01 2.005341086111111082e+01 1.313068227964642454e-01
7.384606000000000225e-01 2.022163001111110958e+01 1.339617301143331274e-01
7.431583000000000494e-01 2.013829593888888780e+01 1.351687966077331771e-01
7.478559999999999652e-01 2.012072063888889062e+01 1.355355081983690979e-01
7.525536999999999921e-01 2.021334582222222309e+01 1.330134749580462183e-01
7.572514000000000189e-01 2.000952616666666728e+01 1.306491287066497975e-01
7.619491000000000458e-01 1.996489219444444529e+01 1.341825249987055879e-01
7.666469000000000200e-01 2.009293911111111441e+01 1.360422095457121117e-01
7.713446000000000469e-01 2.004039898333333625e+01 1.320780912676549346e-01
7.760422999999999627e-01 2.008570209444444643e+01 1.299938186257480754e-01
7.807399999999999896e-01 2.012898772222222021e+01 1.325121669333404195e-01
7.854377000000000164e-01 1.997357915000000261e+01 1.327851639327574662e-01
7.901354000000000433e-01 2.009339946666666421e+01 1.308135331327002493e-01
7.948330999999999591e-01 2.008370307222221740e+01 1.299222242821969908e-01
7.995309000000000443e-01 1.987086777222221912e+01 1.305413608173292550e-01
8.042285999999999602e-01 2.006807269999999832e+01 1.319284297464439482e-01
8.089262999999999870e-01 1.998364691111110858e+01 1.324237402553769261e-01
8.136240000000000139e-01 2.002192211111111320e+01 1.275870800448455078e-01
8.183217000000000407e-01 1.995417961111111183e+01 1.290810109232553571e-01
8.230193999999999566e-01 2.014985179444444441e+01 1.309557136732766580e-01
8.277170999999999834e-01 2.005016130555555876e+01 1.316114423209677475e-01
8.324148999999999576e-01 2.010632011111110984e+01 1.262823377170649852e-01
8.371125999999999845e-01 1.995943461666666607e+01 1.281315922414612285e-01
8.418103000000000113e-01 1.992769349444444416e+01 1.292800568770512415e-01
8.465080000000000382e-01 1.997039031111111385e+01 1.308278818611740002e-01
8.512056999999999540e-01 1.999235378888889514e+01 1.258501329571152516e-01
8.559033999999999809e-01 1.999990892222222527e+01 1.270390222714996575e-01
8.606011000000000077e-01 2.014036330555554954e+01 1.291289218295837427e-01
8.652988000000000346e-01 1.995759516111110798e+01 1.289593968386478495e-01
8.699966000000000088e-01 2.005812948888888414e+01 1.267009080859217984e-01
8.746943000000000357e-01 1.994055952777777208e+01 1.246837940025908587e-01
8.793919999999999515e-01 1.992979552777778096e+01 1.273721692840485142e-01
8.840896999999999784e-01 1.988497151111111094e+01 1.265525636712361013e-01
8.887874000000000052e-01 2.016013916666666717e+01 1.273984556320623407e-01
8.934851000000000321e-01 1.985732958333333187e+01 1.237294974012497217e-01
8.981827999999999479e-01 1.973862734444444200e+01 1.259860626438751852e-01
9.028806000000000331e-01 2.009481666111111053e+01 1.259793725788785901e-01
9.075782999999999490e-01 2.010381729444444332e+01 1.272242996239451307e-01
9.122759999999999758e-01 2.004681662222222371e+01 1.225879092914898966e-01
9.169737000000000027e-01 1.994673039999999986e+01 1.258760700170826474e-01
9.216714000000000295e-01 1.992661004444444828e+01 1.255468177898181326e-01
9.263690999999999454e-01 1.995834066666666473e+01 1.245495998327019876e-01
9.310667999999999722e-01 1.993071764999999829e+01 1.221851489854270945e-01
9.357645999999999464e-01 1.995583505555556059e+01 1.239982440103644945e-01
9.404622999999999733e-01 1.991181599999999463e+01 1.244981036156397325e-01
9.451600000000000001e-01 1.982393964444445089e+01 1.230951271142483872e-01
9.498577000000000270e-01 1.999358207222221750e+01 1.227865782002704464e-01
9.545554000000000539e-01 2.011462821111110699e+01 1.226070241671962380e-01
9.592530999999999697e-01 1.980895759444444337e+01 1.229901332390241075e-01
9.639507999999999965e-01 1.985268542777777867e+01 1.231191535996499636e-01
9.686485999999999708e-01 1.988203447777777910e+01 1.219001326423046344e-01
9.733462999999999976e-01 2.004371141111111498e+01 1.211831955226009006e-01
9.780440000000000245e-01 1.998669757777778244e+01 1.226017919606909590e-01
9.827417000000000513e-01 1.990906288333333052e+01 1.215160252664976709e-01
9.874393999999999672e-01 2.012103265555555254e+01 1.240134859750200713e-01
9.921370999999999940e-01 1.988527976666666675e+01 1.178940223435494539e-01
9.968348000000000209e-01 2.007603875555555106e+01 1.222474112566572235e-01
1.001533000000000007e+00 1.979798850000000243e+01 1.205569618180469538e-01
1.006229999999999958e+00 1.989019088888889542e+01 1.223928766063142881e-01
1.010928000000000049e+00 1.985031568888889097e+01 1.193918102040926604e-01
1.015625999999999918e+00 1.984294518888889058e+01 1.188573634288595388e-01
1.020323000000000091e+00 1.987992995555554998e+01 1.206484945567765921e-01
1.025020999999999960e+00 1.958750058888889001e+01 1.199948964275718705e-01
1.029719000000000051e+00 1.991554832777777762e+01 1.190984027041066678e-01
1.034416999999999920e+00 1.978673181111111035e+01 1.187391132949844885e-01
1.039114000000000093e+00 1.977323230555555256e+01 1.187906936102677558e-01
1.043811999999999962e+00 1.993671813333333276e+01 1.198959085232873534e-01
1.048510000000000053e+00 1.988729949444444500e+01 1.184819249007875303e-01
1.053207000000000004e+00 1.980426077222222148e+01 1.174268995077073496e-01
1.057905000000000095e+00 1.972404772777777637e+01 1.188312985936826882e-01
1.062602999999999964e+00 1.994074868888889185e+01 1.188941643997559056e-01
1.067301000000000055e+00 1.970627738888888913e+01 1.187874231047348489e-01
1.071998000000000006e+00 1.999076357777777702e+01 1.160625333036787721e-01
1.076696000000000097e+00 1.977053370555555745e+01 1.182610435107598473e-01
1.081393999999999966e+00 2.006279762222222018e+01 1.177514015354383936e-01
1.086090999999999918e+00 1.994951390555555548e+01 1.192385753209195404e-01
1.090789000000000009e+00 1.977442387777777455e+01 1.153222285727299457e-01
1.095487000000000100e+00 1.987162652777777794e+01 1.151997571516536478e-01
1.100184999999999969e+00 1.974258557777777412e+01 1.174571633621098732e-01
1.104881999999999920e+00 1.975588437777777884e+01 1.177759933476828225e-01
1.109580000000000011e+00 1.996673913333333772e+01 1.148623990632462039e-01
1.114278000000000102e+00 2.008514746666666895e+01 1.163073792643234683e-01
1.118975000000000053e+00 1.990282393333333388e+01 1.157444468424649875e-01
1.123672999999999922e+00 1.964295426666666700e+01 1.170957670733992345e-01
1.128371000000000013e+00 1.989639262777777162e+01 1.155772292199843676e-01
1.133069000000000104e+00 1.976541197222222124e+01 1.139986364609222175e-01
1.137766000000000055e+00 1.982590972222222447e+01 1.154010153404999156e-01
1.142463999999999924e+00 2.000129435555555446e+01 1.160685202376993408e-01
1.147162000000000015e+00 2.001695210000000102e+01 1.161222187932571259e-01
1.151858999999999966e+00 1.988463422222222476e+01 1.133772199659626168e-01
1.156557000000000057e+00 2.008091522222222380e+01 1.144176670327647499e-01
1.161254999999999926e+00 1.974811291111111089e+01 1.145496239155805590e-01
1.165953000000000017e+00 1.988935757222222378e+01 1.167173549843982527e-01
1.170649999999999968e+00 1.992412618333333896e+01 1.121329989801756050e-01
1.175348000000000059e+00 1.975039298333333448e+01 1.124712378887349346e-01
1.180045999999999928e+00 1.979241234444444331e+01 1.148615861778000957e-01
1.184743000000000102e+00 1.959671202777777665e+01 1.152134994019047842e-01
1.189440999999999971e+00 1.996260310555555861e+01 1.112872583401862264e-01
1.194139000000000062e+00 1.989566272222222310e+01 1.134297739145828932e-01
1.198836999999999930e+00 2.008073100555555612e+01 1.169165288440177503e-01
1.203534000000000104e+00 1.975557388333333364e+01 1.194055613181577158e-01
1.208231999999999973e+00 1.999999516111111575e+01 1.204444253159887707e-01
1.212930000000000064e+00 1.979080690555555222e+01 1.220185929150570669e-01
1.217627000000000015e+00 2.000030433333333590e+01 1.236538546624535717e-01
1.222325000000000106e+00 2.008668895555555878e+01 1.266789971533588410e-01
1.227022999999999975e+00 1.986234115000000244e+01 1.269849944709686984e-01
1.231721000000000066e+00 1.952130944999999684e+01 1.253073364943110557e-01
1.236418000000000017e+00 1.987666989444444354e+01 1.293345434469128918e-01
1.241116000000000108e+00 1.996118016666666506e+01 1.299804307705176576e-01
1.245813999999999977e+00 1.992804232222222538e+01 1.319609952067552494e-01
1.250510999999999928e+00 1.998011091666666417e+01 1.281568929960895942e-01
1.255209000000000019e+00 1.979369752222222090e+01 1.303663771308532782e-01
1.259907000000000110e+00 1.981548842777777608e+01 1.316606399581236042e-01
1.264604999999999979e+00 2.012752643333332969e+01 1.275156078699404838e-01
1.269301999999999930e+00 1.996252689999999674e+01 1.213078403393832300e-01
1.274000000000000021e+00 1.993386099444444071e+01 1.211465644367210465e-01
1.278697999999999890e+00 1.980773452222222630e+01 1.208615251847235117e-01
1.283395000000000064e+00 1.989289731666666228e+01 1.190017044174104532e-01
1.288092999999999932e+00 1.983807938888888955e+01 1.160149650122239001e-01
1.292791000000000023e+00 1.983757842222222223e+01 1.160602087106973879e-01
1.297488999999999892e+00 1.973332833888888871e+01 1.159361024811390584e-01
1.302186000000000066e+00 1.982734090555555539e+01 1.143246397415713794e-01
1.306883999999999935e+00 2.008074393333333063e+01 1.136080190826644215e-01
1.311582000000000026e+00 1.985768348333333222e+01 1.128126903181964763e-01
1.316278999999999977e+00 1.990256042222222277e+01 1.138009011893496986e-01
1.320977000000000068e+00 1.965726410555555859e+01 1.134638226279036655e-01
1.325674999999999937e+00 1.980242501111111153e+01 1.125075563091322423e-01
1.330373000000000028e+00 1.987554538888888800e+01 1.109592427092589983e-01
1.335069999999999979e+00 1.993207153333333181e+01 1.126911796990188591e-01
1.339768000000000070e+00 2.001597668888889103e+01 1.124797301248941228e-01
1.344465999999999939e+00 1.985513331666666303e+01 1.127700274886719589e-01
1.349162999999999890e+00 1.958415944999999780e+01 1.101229002773239235e-01
1.353860999999999981e+00 1.986810997222222497e+01 1.104058754129764869e-01
1.358559000000000072e+00 1.995421147777777549e+01 1.113498340914845369e-01
1.363256999999999941e+00 1.956560706111111259e+01 1.107898056068196274e-01
1.367953999999999892e+00 1.986225689999999489e+01 1.102367874344805793e-01
1.372651999999999983e+00 1.970442710555555266e+01 1.097141403124432257e-01
1.377350000000000074e+00 1.976339764444444214e+01 1.096479662666706295e-01
1.382047000000000025e+00 1.982346384444444709e+01 1.107524861162945268e-01
1.386744999999999894e+00 1.984391710555555477e+01 1.102345997553402235e-01
1.391442999999999985e+00 1.980433335000000383e+01 1.090087731302548102e-01
1.396139999999999937e+00 1.999160234444444129e+01 1.094393520071146458e-01
1.400838000000000028e+00 1.968655326111111137e+01 1.098038674703035178e-01
1.405535999999999897e+00 1.985772953333332680e+01 1.091086336733517181e-01
1.410233999999999988e+00 1.979890185000000002e+01 1.085464026524359388e-01
1.414930999999999939e+00 1.968484781666666805e+01 1.079426671077350491e-01
1.419629000000000030e+00 1.984420813333333555e+01 1.095848703625948439e-01
1.424326999999999899e+00 1.973162902222222215e+01 1.088927912600972520e-01
1.429024000000000072e+00 1.978052726111110715e+01 1.071139327626022264e-01
1.433721999999999941e+00 1.982647056111111183e+01 1.069483268092161488e-01
1.438420000000000032e+00 1.987832982222222356e+01 1.089088146412285213e-01
1.443117999999999901e+00 1.975112112777777895e+01 1.084168396411521323e-01
1.447815000000000074e+00 1.977398582222222245e+01 1.063985094853003299e-01
1.452512999999999943e+00 1.991926064999999824e+01 1.069327819335780666e-01
1.457211000000000034e+00 1.966831629444444474e+01 1.071367473600817327e-01
1.461907999999999985e+00 1.989655123888888966e+01 1.083235652668241011e-01
1.466606000000000076e+00 1.992792439444444597e+01 1.068550730144151167e-01
1.471303999999999945e+00 1.979856606666666607e+01 1.059540399361851570e-01
1.476002000000000036e+00 1.969119236111110993e+01 1.070357308436344634e-01
1.480698999999999987e+00 1.985116126111111257e+01 1.067918783788301823e-01
1.485397000000000078e+00 1.999740921111110836e+01 1.063235537756185428e-01
1.490094999999999947e+00 1.978961014999999435e+01 1.058295702648523601e-01
1.494791999999999899e+00 1.959309217777777334e+01 1.045289661713191265e-01
1.499489999999999990e+00 2.004107724999999718e+01 1.081264759595469971e-01
1.504188000000000081e+00 1.986764784444444132e+01 1.064092906145958500e-01
1.508885999999999949e+00 1.980832799444444348e+01 1.088388431338123963e-01
1.513582999999999901e+00 2.000701792222222508e+01 1.119995050309757351e-01
1.518280999999999992e+00 1.996450195000000605e+01 1.150151963518478843e-01
1.522979000000000083e+00 1.978039794444444510e+01 1.149109378509189511e-01
1.527676000000000034e+00 1.989177330000000055e+01 1.149423481873563524e-01
1.532373999999999903e+00 1.991258771111110804e+01 1.143046953628753803e-01
1.537071999999999994e+00 2.002647482777777910e+01 1.132602968361968582e-01
1.541770000000000085e+00 1.979485250555555709e+01 1.108549893507128070e-01
1.546467000000000036e+00 1.980423977777777367e+01 1.082457735119399106e-01
1.551164999999999905e+00 1.980957554444444568e+01 1.094220562826794391e-01
1.555862999999999996e+00 1.969404384444444389e+01 1.078110305478848507e-01
1.560559999999999947e+00 1.979158536666666635e+01 1.066961311273906393e-01
1.565258000000000038e+00 1.976018215000000211e+01 1.041380447020999883e-01
1.569955999999999907e+00 1.979983616666666535e+01 1.045476969505138992e-01
1.574653999999999998e+00 1.971701046666666812e+01 1.047058352433276329e-01
1.579350999999999949e+00 1.981259570555555527e+01 1.044603455728021213e-01
1.584049000000000040e+00 1.984233207777777608e+01 1.038670404076492276e-01
1.588746999999999909e+00 1.976322654999999884e+01 1.026311855697060460e-01
1.593444000000000083e+00 1.978050652222222183e+01 1.052297306465848625e-01
1.598141999999999951e+00 1.979380167222221942e+01 1.049680140210738355e-01
1.602840000000000042e+00 1.978312191666666564e+01 1.043057160017678980e-01
1.607537999999999911e+00 1.970894860555555894e+01 1.031269744008545958e-01
1.612235000000000085e+00 1.984868711666666741e+01 1.044253955560218716e-01
1.616932999999999954e+00 1.970831500000000247e+01 1.032706128644303306e-01
1.621631000000000045e+00 1.980598362777778121e+01 1.037638510982548251e-01
1.626327999999999996e+00 1.981278950000000094e+01 1.021687866631481867e-01
1.631026000000000087e+00 1.971147704444444315e+01 1.035879541319021796e-01
1.635723999999999956e+00 1.984828112222222529e+01 1.027387870314870055e-01
1.640422000000000047e+00 1.977219312222221959e+01 1.033232607098760469e-01
1.645118999999999998e+00 1.983986441111111176e+01 1.019133594214425564e-01
1.649817000000000089e+00 1.956500661666666474e+01 1.026376132920684692e-01
1.654514999999999958e+00 1.969102597777778385e+01 1.023316598504246389e-01
1.659211999999999909e+00 1.989938683333333458e+01 1.028390957657393107e-01
1.663910000000000000e+00 1.955653527222222010e+01 1.007651969850130724e-01
1.668608000000000091e+00 1.962161528333333749e+01 1.020131141208026060e-01
1.673305999999999960e+00 1.975322584444444374e+01 1.018989949311599058e-01
1.678002999999999911e+00 1.954123153888889064e+01 1.009210884508495720e-01
1.682701000000000002e+00 1.982801142777777770e+01 1.017940850950760784e-01
1.687399000000000093e+00 1.960864232222222014e+01 1.007677134630736160e-01
1.692096000000000044e+00 1.963395510000000144e+01 1.004409811045931106e-01
1.696793999999999913e+00 1.968563863333333330e+01 1.018035921384044251e-01
1.701492000000000004e+00 1.977380108888888799e+01 1.014370657133235043e-01
1.706190000000000095e+00 1.968554160000000053e+01 9.957480716824776423e-02
1.710887000000000047e+00 1.977024536666667132e+01 1.008519883252358695e-01
1.715584999999999916e+00 1.972010562222222063e+01 1.012598710964129345e-01
1.720283000000000007e+00 1.964887530555555983e+01 1.008150738458338663e-01
1.724979999999999958e+00 1.954578563333333463e+01 9.871633884359493072e-02
1.729678000000000049e+00 1.970835160555555632e+01 9.974802275613137148e-02
1.734375999999999918e+00 1.971317104999999970e+01 9.977545506359644656e-02
1.739074000000000009e+00 1.963042172777777949e+01 1.010345174315211009e-01
1.743770999999999960e+00 1.976956435555555203e+01 9.868334793226868351e-02
1.748469000000000051e+00 1.970280656666666630e+01 9.992010387956598572e-02
1.753166999999999920e+00 1.956000745000000052e+01 9.911868662848050127e-02
1.757864000000000093e+00 1.974110518888888777e+01 9.958891628126295692e-02
1.762561999999999962e+00 1.968188008333333272e+01 9.908923772993075141e-02
1.767260000000000053e+00 1.982064610555555362e+01 9.962993086915207519e-02
1.771957999999999922e+00 1.980184517777777842e+01 9.815101377644425140e-02
1.776655000000000095e+00 1.966308011666666644e+01 9.958178754954312428e-02
1.781352999999999964e+00 1.962620775000000251e+01 9.916398410062962632e-02
1.786051000000000055e+00 1.966681109444444786e+01 9.722990829646102617e-02
1.790748000000000006e+00 1.963824258333333006e+01 9.860803165084848498e-02
1.795446000000000097e+00 1.974407050555555543e+01 9.911051336588892757e-02
1.800143999999999966e+00 1.968621260555555708e+01 9.859412387598662231e-02
1.804842000000000057e+00 1.963669505555555617e+01 9.685821617918008442e-02
1.809539000000000009e+00 1.946094704444444545e+01 9.769532209622944219e-02
1.814237000000000100e+00 1.970751514999999898e+01 9.803462080606115125e-02
1.818934999999999969e+00 1.985047225555555528e+01 9.910859080429046397e-02
1.823631999999999920e+00 1.965595862777778180e+01 9.602830572122805775e-02
1.828330000000000011e+00 1.961232805555555814e+01 9.780857832911044047e-02
1.833028000000000102e+00 1.981908058888888746e+01 9.766883981247787005e-02
1.837725999999999971e+00 1.965932384444444381e+01 9.816109931737146410e-02
1.842422999999999922e+00 1.964625201111110897e+01 9.557835061341317384e-02
1.847121000000000013e+00 1.950081463888888322e+01 9.621341127007729255e-02
1.851819000000000104e+00 1.949189641666666972e+01 9.733462917769772349e-02
1.856516000000000055e+00 1.960298257222222418e+01 9.742326471787247921e-02
1.861213999999999924e+00 1.972654765555556011e+01 9.586921696433046980e-02
1.865912000000000015e+00 1.966954816111111271e+01 9.600457096516235023e-02
1.870610000000000106e+00 1.959235879999999952e+01 9.681921725103399823e-02
1.875307000000000057e+00 1.969111428333333436e+01 9.728247051634351938e-02
1.880004999999999926e+00 1.981755139999999926e+01 9.720606603515166699e-02
1.884703000000000017e+00 1.946588091666666642e+01 9.387605063335757727e-02
1.889399999999999968e+00 1.971737872222222165e+01 9.669564306871764048e-02
1.894098000000000059e+00 1.963763218333333782e+01 9.660343967937810861e-02
1.898795999999999928e+00 1.956966628333333702e+01 9.564729530186243112e-02
1.903494000000000019e+00 1.967034693333333450e+01 9.409780339297979523e-02
1.908190999999999971e+00 1.958013892777777798e+01 9.593525239045942732e-02
1.912889000000000062e+00 1.975127559999999605e+01 9.601119371669680769e-02
1.917586999999999930e+00 1.951573186111111013e+01 9.556625926485204370e-02
1.922284000000000104e+00 1.957840648333332823e+01 9.374167375759048793e-02
1.926981999999999973e+00 1.954297911111110864e+01 9.542698791052452167e-02
1.931680000000000064e+00 1.952430567222221924e+01 9.540344971319951461e-02
1.936377999999999933e+00 1.954053943333333621e+01 9.458101662031413726e-02
1.941075000000000106e+00 1.961745613333333438e+01 9.321143944881303545e-02
1.945772999999999975e+00 1.972546246666667003e+01 9.353713208235589494e-02
1.950471000000000066e+00 1.953991641666666368e+01 9.527851879918906863e-02
1.955168000000000017e+00 1.938300458888889466e+01 9.322513362271690751e-02
1.959866000000000108e+00 1.943415355555555735e+01 9.305267982441624286e-02
1.964563999999999977e+00 1.964436861111111199e+01 9.314485901574037774e-02
1.969262000000000068e+00 1.964745252777777651e+01 9.453109006779138179e-02
1.973959000000000019e+00 1.965358678888889088e+01 9.427828752359798670e-02
1.978657000000000110e+00 1.956832393333333542e+01 9.405380678161649743e-02
1.983354999999999979e+00 1.952931114444444205e+01 9.227069236077053982e-02
1.988051999999999930e+00 1.961814159444444172e+01 9.447876569905570843e-02
1.992750000000000021e+00 1.941720136666666718e+01 9.360312720512882489e-02
1.997447999999999890e+00 1.963051683333333131e+01 9.409489128125274326e-02
2.002146000000000203e+00 1.962206492777777456e+01 9.324011628607696556e-02
2.006842999999999932e+00 1.973824929999999966e+01 9.791438103303866380e-02
2.011540999999999801e+00 1.947030159444444308e+01 9.841511650128792477e-02
2.016239000000000114e+00 1.936293453888888649e+01 9.956888195576357736e-02
2.020935999999999844e+00 1.963095410000000030e+01 1.002347811472676098e-01
2.025634000000000157e+00 1.958244272222221838e+01 1.021006021629882188e-01
2.030332000000000026e+00 1.958594998333333592e+01 1.029123185236298921e-01
2.035029999999999895e+00 1.971703701111111329e+01 1.030467961724019638e-01
2.039727000000000068e+00 1.962988853333333594e+01 1.028427458786793092e-01
2.044424999999999937e+00 1.955044279999999901e+01 1.035017047129296597e-01
2.049122999999999806e+00 1.951295225000000144e+01 1.032853979390556537e-01
2.053819999999999979e+00 1.969198981666666981e+01 1.043166908714827229e-01
2.058517999999999848e+00 1.958720632222221880e+01 1.038928566675876713e-01
2.063216000000000161e+00 1.948982246111111394e+01 1.048199186482157430e-01
2.067914000000000030e+00 1.975414106666666569e+01 1.024937026877535129e-01
2.072611000000000203e+00 1.966750716111111075e+01 1.011115949735357233e-01
2.077309000000000072e+00 1.977808124444444005e+01 9.865268318732094144e-02
2.082006999999999941e+00 1.969984098333333478e+01 9.687010894973370478e-02
2.086704000000000114e+00 1.951960072777777810e+01 9.583556626650026333e-02
2.091401999999999983e+00 1.952479456666666380e+01 9.647258961755567075e-02
2.096099999999999852e+00 1.936491987222222377e+01 9.471303543040081319e-02
2.100798000000000165e+00 1.946886750555555423e+01 9.393609967235158620e-02
2.105494999999999894e+00 1.955683936666666511e+01 9.409491768207464690e-02
2.110193000000000207e+00 1.955447008888888760e+01 9.457853417483184921e-02
2.114891000000000076e+00 1.964553891666666985e+01 9.505905977549555796e-02
2.119587999999999806e+00 1.946508213888889216e+01 9.267669940586656385e-02
2.124286000000000119e+00 1.964209897222222168e+01 9.344670554587297673e-02
2.128983999999999988e+00 1.943841996666666816e+01 9.368552675067093327e-02
2.133681999999999856e+00 1.959175241666666523e+01 9.489223828656348503e-02
2.138379000000000030e+00 1.947186138333333361e+01 9.247136826013134525e-02
2.143076999999999899e+00 1.948062187222222263e+01 9.229614770517023670e-02
2.147775000000000212e+00 1.947613023888888861e+01 9.256368210054946588e-02
2.152471999999999941e+00 1.960816566111110859e+01 9.397650182820274645e-02
2.157169999999999810e+00 1.954406804999999991e+01 9.335929515951332802e-02
2.161868000000000123e+00 1.951179478333333250e+01 9.032186552323134832e-02
2.166565999999999992e+00 1.945818545000000199e+01 9.233327021132055334e-02
2.171263000000000165e+00 1.965001460555555823e+01 9.311949522677431812e-02
2.175961000000000034e+00 1.937238343333333290e+01 9.289846663749595779e-02
2.180658999999999903e+00 1.950250287222222312e+01 9.034306970993606634e-02
2.185356000000000076e+00 1.951291972777777417e+01 9.119553095090705830e-02
2.190053999999999945e+00 1.941163554444444372e+01 9.193069640026965694e-02
2.194751999999999814e+00 1.955729390555555369e+01 9.317020482303108031e-02
2.199450000000000127e+00 1.946615187777777933e+01 8.998202530612285643e-02
2.204146999999999856e+00 1.946902198333333445e+01 9.085360936930721165e-02
2.208845000000000169e+00 1.934501805555555265e+01 9.080913071465344932e-02
2.213543000000000038e+00 1.944111271666666951e+01 9.278958536058166950e-02
2.218240000000000212e+00 1.951857387777777930e+01 8.962879882883234561e-02
2.222938000000000081e+00 1.943709610000000154e+01 9.036610769401341725e-02
2.227635999999999949e+00 1.951408670555555958e+01 9.048198645008274921e-02
2.232333999999999818e+00 1.941850053888889249e+01 9.216387713866863729e-02
2.237030999999999992e+00 1.953867303888888785e+01 8.970827601985115196e-02
2.241728999999999861e+00 1.958846833888888739e+01 8.971127468296125063e-02
2.246427000000000174e+00 1.952041771111111501e+01 9.032597323638003051e-02
2.251123999999999903e+00 1.938971506111110799e+01 9.118484716412586510e-02
2.255822000000000216e+00 1.938539981666666634e+01 9.066829637173065559e-02
2.260520000000000085e+00 1.934104308888888468e+01 8.787022510920897145e-02
2.265217999999999954e+00 1.919353528333333259e+01 8.948781907669618729e-02
2.269915000000000127e+00 1.962568802777777677e+01 9.095615779800313161e-02
2.274612999999999996e+00 1.938340713888888445e+01 8.998861883881194290e-02
2.279310999999999865e+00 1.948488472777777503e+01 8.777126181545517880e-02
2.284008000000000038e+00 1.956307423333333162e+01 8.968976501595421480e-02
2.288705999999999907e+00 1.942406829999999829e+01 8.966650974303937149e-02
2.293404000000000220e+00 1.961845799999999684e+01 8.995809967976710342e-02
2.298102000000000089e+00 1.942656487222222239e+01 8.799953585542112655e-02
2.302798999999999818e+00 1.949617982222222423e+01 8.898269944790074271e-02
2.307497000000000131e+00 1.933410032222222696e+01 8.967669129446069476e-02
2.312195000000000000e+00 1.950132051666666655e+01 8.911862281170325473e-02
2.316892000000000174e+00 1.949301515555555397e+01 8.767939463514376475e-02
2.321590000000000042e+00 1.955190288888888972e+01 8.847658445184460041e-02
2.326287999999999911e+00 1.951205295555555708e+01 8.928790563757917076e-02
2.330985999999999780e+00 1.942779107222222734e+01 8.862823820047503742e-02
2.335682999999999954e+00 1.951279722222222546e+01 8.843061888500655665e-02
2.340380999999999823e+00 1.946482387777777845e+01 8.697727816904034237e-02
2.345079000000000136e+00 1.931739563333333010e+01 8.850699388968322201e-02
2.349775999999999865e+00 1.943804605555555298e+01 8.816641464039978726e-02
2.354474000000000178e+00 1.947221489999999733e+01 8.936219436877063105e-02
2.359172000000000047e+00 1.941012240555555479e+01 8.608298285680368589e-02
2.363869999999999916e+00 1.933614825555555683e+01 8.759610082969299105e-02
2.368567000000000089e+00 1.950178982777777748e+01 8.852909616294160622e-02
2.373264999999999958e+00 1.943792360555555376e+01 8.792899894302537434e-02
2.377962999999999827e+00 1.949273941666666943e+01 8.664972869478855533e-02
2.382660000000000000e+00 1.941398438888888833e+01 8.724696241240659234e-02
2.387357999999999869e+00 1.940118922222222508e+01 8.736796501946776650e-02
2.392056000000000182e+00 1.957976018888888703e+01 8.798489316765449597e-02
2.396754000000000051e+00 1.948352926666666107e+01 8.707536139864156810e-02
2.401450999999999780e+00 1.930375223888888669e+01 8.646372435105417753e-02
2.406149000000000093e+00 1.959932848888889012e+01 8.704113357912686422e-02
2.410846999999999962e+00 1.937514456111111372e+01 8.735211620051969161e-02
2.415544000000000135e+00 1.923818389999999923e+01 8.613033110868315023e-02
2.420242000000000004e+00 1.947273484999999837e+01 8.670127561049405240e-02
2.424939999999999873e+00 1.934331872222222515e+01 8.661726593017833598e-02
2.429638000000000186e+00 1.942521298333333135e+01 8.657260451306024451e-02
2.434334999999999916e+00 1.928817228888888735e+01 8.597310384146615581e-02
2.439032999999999785e+00 1.942501766666666541e+01 8.616501371059094583e-02
2.443731000000000098e+00 1.937605743888888910e+01 8.632443276469514704e-02
2.448427999999999827e+00 1.946236687777778229e+01 8.647476941571066722e-02
2.453126000000000140e+00 1.931821945000000440e+01 8.663343992469611787e-02
2.457824000000000009e+00 1.928816767777777130e+01 8.475571262121772698e-02
2.462521999999999878e+00 1.930371666666666641e+01 8.541737154340271754e-02
2.467219000000000051e+00 1.947460037222222340e+01 8.685329436455770102e-02
2.471916999999999920e+00 1.916692544444444479e+01 8.581127796827116294e-02
2.476614999999999789e+00 1.936683226111111367e+01 8.547478649262968409e-02
2.481311999999999962e+00 1.944892112777777982e+01 8.526236871063935796e-02
2.486009999999999831e+00 1.918613469444444419e+01 8.509073140141075464e-02
2.490708000000000144e+00 1.929923294999999683e+01 8.556330485544975939e-02
2.495406000000000013e+00 1.931971817777777645e+01 8.451072808847891193e-02
2.500103000000000186e+00 1.935593268333333583e+01 8.517460104632394724e-02
2.504801000000000055e+00 1.928773918888888517e+01 8.488199087324245495e-02
2.509498999999999924e+00 1.938572614444444397e+01 8.534991729146194916e-02
2.514196000000000097e+00 1.927671257222222323e+01 8.418716176383536642e-02
2.518893999999999966e+00 1.924808680555555540e+01 8.481129840871882986e-02
2.523591999999999835e+00 1.946592940555555629e+01 8.453587459395633941e-02
2.528290000000000148e+00 1.945315139999999943e+01 8.500817197552661131e-02
2.532986999999999878e+00 1.926880888333333175e+01 8.428244065963630405e-02
2.537685000000000191e+00 1.939723042777777806e+01 8.442889502841498250e-02
2.542383000000000060e+00 1.944720257777778016e+01 8.390456049518611736e-02
2.547079999999999789e+00 1.943148058333333239e+01 8.426479508049317113e-02
2.551778000000000102e+00 1.933088567222222309e+01 8.453017535822347772e-02
2.556475999999999971e+00 1.945659478888889282e+01 8.345524934873183032e-02
2.561173999999999840e+00 1.934851378333333471e+01 8.383030224884134574e-02
2.565871000000000013e+00 1.942763408333333075e+01 8.448546416478616705e-02
2.570568999999999882e+00 1.938843706666666478e+01 8.440172013787840266e-02
2.575267000000000195e+00 1.934131271666667118e+01 8.304942374637840075e-02
2.579963999999999924e+00 1.942260276666666741e+01 8.453372700353570246e-02
2.584661999999999793e+00 1.949739741666666148e+01 8.377453047145819176e-02
2.589360000000000106e+00 1.931504026666666718e+01 8.448052586575402478e-02
2.594056999999999835e+00 1.928359413888889407e+01 8.294507705436938994e-02
2.598755000000000148e+00 1.919730997777777759e+01 8.358584674365504563e-02
2.603453000000000017e+00 1.919411607777777817e+01 8.284752465504467700e-02
2.608150999999999886e+00 1.938456376666666614e+01 8.432991828672026235e-02
2.612848000000000059e+00 1.910975243888888286e+01 8.209345384038463367e-02
2.617545999999999928e+00 1.926915342777778051e+01 8.302736163037349737e-02
2.622243999999999797e+00 1.934701488333333330e+01 8.369662399254743090e-02
2.626940999999999971e+00 1.926305687222222218e+01 8.348798732719456273e-02
2.631638999999999839e+00 1.927493889999999510e+01 8.259963508150780509e-02
2.636337000000000153e+00 1.927810894444444401e+01 8.258378553307865744e-02
2.641035000000000021e+00 1.938191873333332893e+01 8.334102171689376781e-02
2.645732000000000195e+00 1.931756734444444135e+01 8.329775105262243740e-02
2.650430000000000064e+00 1.919859884999999977e+01 8.288075047889591207e-02
2.655127999999999933e+00 1.930902468888889345e+01 8.162114035904792508e-02
2.659825000000000106e+00 1.940049223333333117e+01 8.332700073266326168e-02
2.664522999999999975e+00 1.921876450555555849e+01 8.284199988362501987e-02
2.669220999999999844e+00 1.929668722222222144e+01 8.322229807273623381e-02
2.673919000000000157e+00 1.940843382222222502e+01 8.095844101258020675e-02
2.678615999999999886e+00 1.928255745000000232e+01 8.232742729015386784e-02
2.683314000000000199e+00 1.918724327222222215e+01 8.270947449285916131e-02
2.688012000000000068e+00 1.934767585555555414e+01 8.297787574271318911e-02
2.692708999999999797e+00 1.934835498888889305e+01 8.102662960256402924e-02
2.697407000000000110e+00 1.923251478333333608e+01 8.213400244690403917e-02
2.702104999999999979e+00 1.925260769999999866e+01 8.221220485841099213e-02
2.706802999999999848e+00 1.939351764999999972e+01 8.269658344995226007e-02
2.711500000000000021e+00 1.915626360555555507e+01 8.084887510249155751e-02
2.716197999999999890e+00 1.922362435000000147e+01 8.129855635663457702e-02
2.720896000000000203e+00 1.936181961666666851e+01 8.229610809211027056e-02
2.725592999999999932e+00 1.938267335555555348e+01 8.227413871558678093e-02
2.730290999999999801e+00 1.928215756666666181e+01 8.101435992448456636e-02
2.734989000000000114e+00 1.928329620555555834e+01 8.095462432435025779e-02
2.739686999999999983e+00 1.940963550555554917e+01 8.199118498387678033e-02
2.744384000000000157e+00 1.911504261111110736e+01 8.168982417221748449e-02
2.749082000000000026e+00 1.925363162777777859e+01 8.093389400002357070e-02
2.753779999999999895e+00 1.929576741666666706e+01 8.052730071202914008e-02
2.758477000000000068e+00 1.914718896666666481e+01 8.154326655503064958e-02
2.763174999999999937e+00 1.924993729444445023e+01 8.136585189136735785e-02
2.767872999999999806e+00 1.923560597777777303e+01 8.153089070440383557e-02
2.772571000000000119e+00 1.937137172777777749e+01 7.979646160178102687e-02
2.777267999999999848e+00 1.922540083333333882e+01 8.086338515132758531e-02
2.781966000000000161e+00 1.926509762777777723e+01 8.138670462685473894e-02
2.786664000000000030e+00 1.921266163333333665e+01 8.124388442588098558e-02
2.791361000000000203e+00 1.924477273333333471e+01 7.970619179966419166e-02
2.796059000000000072e+00 1.917968042777777526e+01 8.021716612604534724e-02
2.800756999999999941e+00 1.938595145000000031e+01 8.157366078561127665e-02
2.805454999999999810e+00 1.937312279999999731e+01 8.111810332362258402e-02
2.810151999999999983e+00 1.927100677222222203e+01 8.261440661526543716e-02
2.814849999999999852e+00 1.913114082222222123e+01 8.421347059705734661e-02
2.819548000000000165e+00 1.919786772222222382e+01 8.501324883853118852e-02
2.824244999999999894e+00 1.930773113888889014e+01 8.668239227607144048e-02
2.828943000000000207e+00 1.927351721666666506e+01 8.594157980198816049e-02
2.833641000000000076e+00 1.938289811666666296e+01 8.653523438224410003e-02
2.838338999999999945e+00 1.939816733333333332e+01 8.781795573033657210e-02
2.843036000000000119e+00 1.921907910000000186e+01 8.774764353920981585e-02
2.847733999999999988e+00 1.927275011111110103e+01 8.718947855775448230e-02
2.852431999999999856e+00 1.913513092222222411e+01 8.710216627835086489e-02
2.857129000000000030e+00 1.926769216111111049e+01 8.827503626166667561e-02
2.861826999999999899e+00 1.928846598333333162e+01 8.878302336572579945e-02
2.866525000000000212e+00 1.932938857777777741e+01 8.897839092402927419e-02
2.871223000000000081e+00 1.922014266111111169e+01 8.653274594772632222e-02
2.875919999999999810e+00 1.916730359444444787e+01 8.512379487527731159e-02
2.880618000000000123e+00 1.931905490555555360e+01 8.499156887665011706e-02
2.885315999999999992e+00 1.924155362777777256e+01 8.388867676150454922e-02
2.890013000000000165e+00 1.913264732777777510e+01 8.100948905794159993e-02
2.894711000000000034e+00 1.923357760555555274e+01 8.200664776240187970e-02
2.899408999999999903e+00 1.917306874444444631e+01 8.237856635414930739e-02
2.904107000000000216e+00 1.928667952777777828e+01 8.234932351979297460e-02
2.908803999999999945e+00 1.923729638333333369e+01 8.093045937640651333e-02
2.913501999999999814e+00 1.922959682777777601e+01 8.135757348782994558e-02
2.918200000000000127e+00 1.922180769444444337e+01 8.131549711411528714e-02
2.922896999999999856e+00 1.926231147222222262e+01 8.179152919662278920e-02
2.927595000000000169e+00 1.921465088333333071e+01 8.075128057229331857e-02
2.932293000000000038e+00 1.923684130555555782e+01 8.081862482822628480e-02
2.936990999999999907e+00 1.932249421666666578e+01 8.107826362470317572e-02
2.941688000000000081e+00 1.901187065555555478e+01 8.087117940168712937e-02
2.946385999999999949e+00 1.916446070555555181e+01 7.994370405324892348e-02
2.951083999999999818e+00 1.921427766666667125e+01 8.030809653708607943e-02
2.955780999999999992e+00 1.906793792222222095e+01 8.020986674377091064e-02
2.960478999999999861e+00 1.919827509444444047e+01 8.045641767655289933e-02
2.965177000000000174e+00 1.938324481666666443e+01 8.092518770129054906e-02
2.969875000000000043e+00 1.913575548333333032e+01 7.966989453550844813e-02
2.974572000000000216e+00 1.907619501666666650e+01 7.927086089225164611e-02
2.979270000000000085e+00 1.912282171666666741e+01 8.017594866260277509e-02
2.983967999999999954e+00 1.936543139444444606e+01 8.046393412653994603e-02
2.988665000000000127e+00 1.920135486111110978e+01 7.955859109264473705e-02
2.993362999999999996e+00 1.912655302777778132e+01 7.886402547918866524e-02
2.998060999999999865e+00 1.916068314999999700e+01 7.977988862430483719e-02
3.002759000000000178e+00 1.929686122222222266e+01 8.018238102472018125e-02
3.007455999999999907e+00 1.922174535555555508e+01 7.909162446159734294e-02
3.012154000000000220e+00 1.912540463888888809e+01 7.893063101985126062e-02
3.016852000000000089e+00 1.917975311666666727e+01 7.899200984830376249e-02
3.021548999999999818e+00 1.907129883333332998e+01 7.956536735103084124e-02
3.026247000000000131e+00 1.931730534444444203e+01 7.894876250416263397e-02
3.030945000000000000e+00 1.908202845555555527e+01 7.893126609459216736e-02
3.035642999999999869e+00 1.924213567777777811e+01 7.851621024774912971e-02
3.040340000000000042e+00 1.929104505555555704e+01 7.966832345257135461e-02
3.045037999999999911e+00 1.915776248333333598e+01 7.843972933839271633e-02
3.049735999999999780e+00 1.919696931666666373e+01 7.872063776068902174e-02
3.054432999999999954e+00 1.908502362222222359e+01 7.822314920415988915e-02
3.059130999999999823e+00 1.917808250555555460e+01 7.871731443077903401e-02
3.063829000000000136e+00 1.923127173333333673e+01 7.836026781486750414e-02
3.068527000000000005e+00 1.931874564444444431e+01 7.859043724270317610e-02
3.073224000000000178e+00 1.931805950555555640e+01 7.841128483489910594e-02
3.077922000000000047e+00 1.919432797222221865e+01 7.847617952203751746e-02
3.082619999999999916e+00 1.925012597777777756e+01 7.868950349961027768e-02
3.087317000000000089e+00 1.925605799444444344e+01 7.726436384678254943e-02
3.092014999999999958e+00 1.917167355555555730e+01 7.839486932889151716e-02
3.096712999999999827e+00 1.935728173888888648e+01 7.828597357293712311e-02
3.101411000000000140e+00 1.915330647777777884e+01 7.855269930824297642e-02
3.106107999999999869e+00 1.915828093888888617e+01 7.702870926919332117e-02
3.110806000000000182e+00 1.907327086666666460e+01 7.783099339968337083e-02
3.115504000000000051e+00 1.917119030555555526e+01 7.746432237732542303e-02
3.120200999999999780e+00 1.927184131666667000e+01 7.835893397434468000e-02
3.124899000000000093e+00 1.908016132777777329e+01 7.661199520846406763e-02
3.129596999999999962e+00 1.918134849444444257e+01 7.745124397861420651e-02
3.134294999999999831e+00 1.911916519444444162e+01 7.774759312402500233e-02
3.138992000000000004e+00 1.904841962222221952e+01 7.755849324489778873e-02
3.143689999999999873e+00 1.902631860555555576e+01 7.659075146943204737e-02
3.148388000000000186e+00 1.924903571111111233e+01 7.727294312483536098e-02
3.153084999999999916e+00 1.913362173333332805e+01 7.761139897974610180e-02
3.157782999999999785e+00 1.916873883333332884e+01 7.733150089396483018e-02
3.162481000000000098e+00 1.923105061111110814e+01 7.711629986962127703e-02
3.167178999999999967e+00 1.917947392777777793e+01 7.647853560889436575e-02
3.171876000000000140e+00 1.921387592777777797e+01 7.770723575590698928e-02
3.176574000000000009e+00 1.924510426666666518e+01 7.723173780349089357e-02
3.181271999999999878e+00 1.913912166111111191e+01 7.665158195627799764e-02
3.185969000000000051e+00 1.918103231111111029e+01 7.611031607880577865e-02
3.190666999999999920e+00 1.915798039444444356e+01 7.658712314648820352e-02
3.195364999999999789e+00 1.918485722777777625e+01 7.671395889692451953e-02
3.200063000000000102e+00 1.906318854999999957e+01 7.708243575261942981e-02
3.204759999999999831e+00 1.911447075555555841e+01 7.463302614026663673e-02
3.209458000000000144e+00 1.910287238888889050e+01 7.636890721381336955e-02
3.214156000000000013e+00 1.910836632777777666e+01 7.684013668530512153e-02
3.218853000000000186e+00 1.920034877222222391e+01 7.664635636716229938e-02
3.223551000000000055e+00 1.920394971666666706e+01 7.534203713543355385e-02
3.228248999999999924e+00 1.930913472777777784e+01 7.632593173636482986e-02
3.232946999999999793e+00 1.903231079444444873e+01 7.619310381217869743e-02
3.237643999999999966e+00 1.903959619444443874e+01 7.612672098402946397e-02
3.242341999999999835e+00 1.908983368333332820e+01 7.512892039413530954e-02
3.247040000000000148e+00 1.917925969999999936e+01 7.543146957151526666e-02
3.251736999999999878e+00 1.913357891666666433e+01 7.633434800606506143e-02
3.256435000000000191e+00 1.920155712777777879e+01 7.668046283169156763e-02
3.261133000000000060e+00 1.906116011111110708e+01 7.488589911895518481e-02
3.265830999999999928e+00 1.924069371666666584e+01 7.562322553194363028e-02
3.270528000000000102e+00 1.918925126111111013e+01 7.632369173637620907e-02
3.275225999999999971e+00 1.906239417222221988e+01 7.626831607537512547e-02
3.279923999999999840e+00 1.903069380555555057e+01 7.469247769341799681e-02
3.284621000000000013e+00 1.915592226111111174e+01 7.537593389808244781e-02
3.289318999999999882e+00 1.920292469444444450e+01 7.550788189382653948e-02
3.294017000000000195e+00 1.919986768888888662e+01 7.626457904184388847e-02
3.298715000000000064e+00 1.912799099444444550e+01 7.529686539225291519e-02
3.303411999999999793e+00 1.926499168333333500e+01 7.468478465664189769e-02
3.308110000000000106e+00 1.921947638333333686e+01 7.564599435184088394e-02
3.312807999999999975e+00 1.916559671111111385e+01 7.602334655133026475e-02
3.317505000000000148e+00 1.897229900555555560e+01 7.547471364130460547e-02
3.322203000000000017e+00 1.903220821111110794e+01 7.363611128766348046e-02
3.326900999999999886e+00 1.907970734999999962e+01 7.481776128553004057e-02
3.331599000000000199e+00 1.916442952222222118e+01 7.590512394290105380e-02
3.336295999999999928e+00 1.906407378333333469e+01 7.511996921628853741e-02
3.340993999999999797e+00 1.905566521111110845e+01 7.420617030985605933e-02
3.345692000000000110e+00 1.906747796111111271e+01 7.459413398798800388e-02
3.350388999999999839e+00 1.903496774999999985e+01 7.523576039271767657e-02
3.355087000000000153e+00 1.924445844999999977e+01 7.516626737818458970e-02
3.359785000000000021e+00 1.925087964444444566e+01 7.404535271043798106e-02
3.364482999999999890e+00 1.929349084444444884e+01 7.449596556798492031e-02
3.369180000000000064e+00 1.916407298888888988e+01 7.520035141255933253e-02
3.373877999999999933e+00 1.912736702222222362e+01 7.493033934868123525e-02
3.378575999999999802e+00 1.923725944444444025e+01 7.498940005186023605e-02
3.383272999999999975e+00 1.914610647222222184e+01 7.663873747005491011e-02
3.387970999999999844e+00 1.918412536666666313e+01 7.835141457096062023e-02
3.392669000000000157e+00 1.906325886666666136e+01 7.856579741963541641e-02
3.397367000000000026e+00 1.908594025000000016e+01 7.919226614346903947e-02
3.402064000000000199e+00 1.914325519444444623e+01 7.948540044783071468e-02
3.406762000000000068e+00 1.919855641111111311e+01 7.931524454447820560e-02
3.411459999999999937e+00 1.917075442777777283e+01 7.993678408047766304e-02
3.416157000000000110e+00 1.911770575555555496e+01 7.972911833370179002e-02
3.420854999999999979e+00 1.930110757777777764e+01 7.975123193666820709e-02
3.425552999999999848e+00 1.911576193888888753e+01 8.014066082016477188e-02
3.430251000000000161e+00 1.915865575555555722e+01 8.064060150598736931e-02
3.434947999999999890e+00 1.902989019444444097e+01 8.059328037849311510e-02
3.439646000000000203e+00 1.909353187777777805e+01 8.002180662664609700e-02
3.444344000000000072e+00 1.897971229444443964e+01 8.016948684600735953e-02
3.449040999999999801e+00 1.916853561111110693e+01 8.127467805731895811e-02
3.453739000000000114e+00 1.907571651111111066e+01 8.112374002656722038e-02
3.458436999999999983e+00 1.924261433888889172e+01 8.112940555292337541e-02
3.463134999999999852e+00 1.904988322222222052e+01 8.124567275403704603e-02
3.467832000000000026e+00 1.901398221111111297e+01 8.142547156006813003e-02
3.472529999999999895e+00 1.906263786666666604e+01 8.134295769121860364e-02
3.477228000000000208e+00 1.907834321111111109e+01 8.127392970983068898e-02
3.481924999999999937e+00 1.900483661111111644e+01 8.191665208767304196e-02
3.486622999999999806e+00 1.897734972222222183e+01 8.134287847749022138e-02
3.491321000000000119e+00 1.908771944999999803e+01 8.243048010110341772e-02
3.496018999999999988e+00 1.918214758888889193e+01 8.106911724674913111e-02
3.500716000000000161e+00 1.902144708333333512e+01 8.207424333761885460e-02
3.505414000000000030e+00 1.916531967222222477e+01 8.309822236976420473e-02
3.510111999999999899e+00 1.920000157222222015e+01 8.230828600029849174e-02
3.514809000000000072e+00 1.895719793888888915e+01 8.156160872685966345e-02
3.519506999999999941e+00 1.903697891666666209e+01 8.280662535139801661e-02
3.524204999999999810e+00 1.896538757222222671e+01 8.262829689354402041e-02
3.528903000000000123e+00 1.884268593888888788e+01 8.222141528433341007e-02
3.533599999999999852e+00 1.919535925555555522e+01 8.233906094808272902e-02
3.538298000000000165e+00 1.909342015555556316e+01 8.226987492307789862e-02
3.542996000000000034e+00 1.911818262222222131e+01 8.345638966323132291e-02
3.547693000000000207e+00 1.918567586111111467e+01 8.318155294643339581e-02
3.552391000000000076e+00 1.902023253333333486e+01 8.312003032970462224e-02
3.557088999999999945e+00 1.911127601666666109e+01 8.245675872297647535e-02
3.561786999999999814e+00 1.911413962222222196e+01 8.331833115251996436e-02
3.566483999999999988e+00 1.910486193333333915e+01 8.360954205592643906e-02
3.571181999999999856e+00 1.897336938333333123e+01 8.325701981473948576e-02
3.575880000000000170e+00 1.912439425555555417e+01 8.240541471357869241e-02
3.580576999999999899e+00 1.901963932777777799e+01 8.414092627313408956e-02
3.585275000000000212e+00 1.908961923333333743e+01 8.372441959735353600e-02
3.589973000000000081e+00 1.911109111111110792e+01 8.350488563465677250e-02
3.594670999999999950e+00 1.921028185000000121e+01 8.293397398866585168e-02
3.599368000000000123e+00 1.911527051111110964e+01 8.350040998099741985e-02
3.604065999999999992e+00 1.903626376666666431e+01 8.294343196962802867e-02
3.608763999999999861e+00 1.921008743333333513e+01 8.420129428474856792e-02
3.613461000000000034e+00 1.920307415555555508e+01 8.632751901406633677e-02
3.618158999999999903e+00 1.910050856666666874e+01 8.939628094721159546e-02
3.622857000000000216e+00 1.912758336666666636e+01 8.939073165489264117e-02
3.627555000000000085e+00 1.902238522777777519e+01 9.075711415810240601e-02
3.632251999999999814e+00 1.904804460000000432e+01 9.113342272956140300e-02
3.636950000000000127e+00 1.917069561666666999e+01 9.288522562333205446e-02
3.641647999999999996e+00 1.893287986666667422e+01 9.207751459324095555e-02
3.646345000000000169e+00 1.898032730000000612e+01 9.243105818949440278e-02
3.651043000000000038e+00 1.916098982222222702e+01 9.377156868875899387e-02
3.655740999999999907e+00 1.914804037222222277e+01 9.465980534510995414e-02
3.660439000000000220e+00 1.895071902222221993e+01 9.400916441879450525e-02
3.665135999999999949e+00 1.894589145555555376e+01 9.380206367759449937e-02
3.669833999999999818e+00 1.914370791111110748e+01 9.640860136325833663e-02
3.674532000000000131e+00 1.912124256111111364e+01 9.593872038990949869e-02
3.679228999999999861e+00 1.912195377777778660e+01 9.597029732237775945e-02
3.683927000000000174e+00 1.904369739444445031e+01 9.638782990374034076e-02
3.688625000000000043e+00 1.909381231666667134e+01 9.728510513502154622e-02
3.693322999999999912e+00 1.914672306111111055e+01 9.780217530770875245e-02
3.698020000000000085e+00 1.900990075555555237e+01 9.801788978041402201e-02
3.702717999999999954e+00 1.902442230555555369e+01 9.766672412376853352e-02
3.707415999999999823e+00 1.894560567222222147e+01 9.870614945790119610e-02
3.712112999999999996e+00 1.912234412222221991e+01 1.000167776982266443e-01
3.716810999999999865e+00 1.898210744444444131e+01 9.954807495781889393e-02
3.721509000000000178e+00 1.903464078333333376e+01 9.881373922125108455e-02
3.726207000000000047e+00 1.908489377777777563e+01 1.004273865157854495e-01
3.730904000000000220e+00 1.895783951111111065e+01 1.010468642371884496e-01
3.735602000000000089e+00 1.904960232777777307e+01 1.018779455787176269e-01
3.740299999999999958e+00 1.908772199444444340e+01 1.005417982410829608e-01
3.744997000000000131e+00 1.905771141111111433e+01 1.011137457883109075e-01
3.749695000000000000e+00 1.913145482222221716e+01 1.034051579178213998e-01
3.754392999999999869e+00 1.918670991666666481e+01 1.036525246002635292e-01
3.759090000000000042e+00 1.908990407777778131e+01 1.026740168924940438e-01
3.763787999999999911e+00 1.901668793333333340e+01 1.024956440633127408e-01
3.768485999999999780e+00 1.897321270555555373e+01 1.041100080321273602e-01
3.773184000000000093e+00 1.910101286111111207e+01 1.048599355317315351e-01
3.777880999999999823e+00 1.902771564444444152e+01 1.044819341915471100e-01
3.782579000000000136e+00 1.915908543333333114e+01 1.037368341241630687e-01
3.787277000000000005e+00 1.890578351111111033e+01 1.056344292817015251e-01
3.791974000000000178e+00 1.897785810555555486e+01 1.055691562940961198e-01
3.796672000000000047e+00 1.907565811111111032e+01 1.066623002009727539e-01
3.801369999999999916e+00 1.902636476111111108e+01 1.058606065101659055e-01
3.806067999999999785e+00 1.901542728888888689e+01 1.063808671492511848e-01
3.810764999999999958e+00 1.911600739444444486e+01 1.082362659264062138e-01
3.815462999999999827e+00 1.889279320555555941e+01 1.076553628486096731e-01
3.820161000000000140e+00 1.892091518333333511e+01 1.065563385261059509e-01
3.824857999999999869e+00 1.903395707222222555e+01 1.085218817059605267e-01
3.829556000000000182e+00 1.890661304444444468e+01 1.092664791913293409e-01
3.834254000000000051e+00 1.902859723333333264e+01 1.086136933338631150e-01
3.838951999999999920e+00 1.884744253333333219e+01 1.091526404731621158e-01
3.843649000000000093e+00 1.901513343888889196e+01 1.096315370719762039e-01
3.848346999999999962e+00 1.905515600555555267e+01 1.114144931272311595e-01
3.853044999999999831e+00 1.883636054999999843e+01 1.089277642238826171e-01
3.857742000000000004e+00 1.906555892222221971e+01 1.114452453666414239e-01
3.862439999999999873e+00 1.902363662222222374e+01 1.109717052294790507e-01
3.867138000000000186e+00 1.885049610000000442e+01 1.132088705739813517e-01
3.871836000000000055e+00 1.908323946111111624e+01 1.112940885527729379e-01
3.876532999999999785e+00 1.909568670000000168e+01 1.126778730712721666e-01
3.881231000000000098e+00 1.896705701666666144e+01 1.120828547010061377e-01
3.885928999999999967e+00 1.916032630000000125e+01 1.147881379599744317e-01
3.890626000000000140e+00 1.901472126111110583e+01 1.134253722242160450e-01
3.895324000000000009e+00 1.911661478888888865e+01 1.141928319933697977e-01
3.900021999999999878e+00 1.895132210555555830e+01 1.139628271208498606e-01
3.904720000000000191e+00 1.907804585555555832e+01 1.153841870305098577e-01
3.909416999999999920e+00 1.879751197222222103e+01 1.147177891574646946e-01
3.914114999999999789e+00 1.892576512777777964e+01 1.153209668336579036e-01
3.918813000000000102e+00 1.894406957777777833e+01 1.155520022557604970e-01
3.923509999999999831e+00 1.921916119444444604e+01 1.164720341706485529e-01
3.928208000000000144e+00 1.897252426111110424e+01 1.166679947561305442e-01
3.932906000000000013e+00 1.882085968888888772e+01 1.150428548104137777e-01
3.937603999999999882e+00 1.896250861111111163e+01 1.157468568207903337e-01
3.942301000000000055e+00 1.906735299999999711e+01 1.162601781010395435e-01
3.946998999999999924e+00 1.918342217222222246e+01 1.180583833396770671e-01
3.951696999999999793e+00 1.913906356666667108e+01 1.162475113924695685e-01
3.956393999999999966e+00 1.894356155000000186e+01 1.167323178343318141e-01
3.961091999999999835e+00 1.888761369444444327e+01 1.171358444503068641e-01
3.965790000000000148e+00 1.897482891111111059e+01 1.177882278035981556e-01
3.970488000000000017e+00 1.889824549999999803e+01 1.166694811122323400e-01
3.975185000000000191e+00 1.900134614444444026e+01 1.186197904757500948e-01
3.979883000000000060e+00 1.891693409444444285e+01 1.186181582148814057e-01
3.984580999999999928e+00 1.896104607222222427e+01 1.199113933142037930e-01
3.989278000000000102e+00 1.903915792777777583e+01 1.186383051449046017e-01
3.993975999999999971e+00 1.883940127777777818e+01 1.198819678949570589e-01
3.998673999999999840e+00 1.889446411666666847e+01 1.193796515499580685e-01
4.003371999999999709e+00 1.892400909444444679e+01 1.217052103073152508e-01
4.008068999999999882e+00 1.905921755555555563e+01 1.208278587774081619e-01
4.012767000000000195e+00 1.875925388888888889e+01 1.210352922589666008e-01
4.017464999999999620e+00 1.907869194444444361e+01 1.223769400105095689e-01
4.022161999999999793e+00 1.900270958333333482e+01 1.229385045470342136e-01
4.026860000000000106e+00 1.900462112222222189e+01 1.228572075131623004e-01
4.031558000000000419e+00 1.904069122777777423e+01 1.230104494976882873e-01
4.036255999999999844e+00 1.888522649444444568e+01 1.234307440577695064e-01
4.040953000000000017e+00 1.881231938888888777e+01 1.240867756472502081e-01
4.045651000000000330e+00 1.903487536111110856e+01 1.252448615447332714e-01
4.050348999999999755e+00 1.888388004444444590e+01 1.241297665345170304e-01
4.055045999999999928e+00 1.884802340555555844e+01 1.253095048064138961e-01
4.059744000000000241e+00 1.879243723888888695e+01 1.251511964785036179e-01
4.064441999999999666e+00 1.919689417222221905e+01 1.273508539537828999e-01
4.069139999999999979e+00 1.879665293333333054e+01 1.252507417973572068e-01
4.073837000000000153e+00 1.891519578333333129e+01 1.275730003384120681e-01
4.078534999999999577e+00 1.916448103333333108e+01 1.282469083258440945e-01
4.083232999999999890e+00 1.891145585000000295e+01 1.284265751435882674e-01
4.087930000000000064e+00 1.886489054999999837e+01 1.278756940717699908e-01
4.092628000000000377e+00 1.902852064999999726e+01 1.288367000474039958e-01
4.097325999999999802e+00 1.897943837777777532e+01 1.300899910013695593e-01
4.102024000000000115e+00 1.888711956111110979e+01 1.304175344248988677e-01
4.106721000000000288e+00 1.860166111111110965e+01 1.289856962456537026e-01
4.111418999999999713e+00 1.914049804999999438e+01 1.313234297807839845e-01
4.116117000000000026e+00 1.867266511666667128e+01 1.308300330962381686e-01
4.120814000000000199e+00 1.892147006111111196e+01 1.326708603936826436e-01
4.125511999999999624e+00 1.920124861666666760e+01 1.323337338645199091e-01
4.130209999999999937e+00 1.898690351111111241e+01 1.320110778878862690e-01
4.134908000000000250e+00 1.886028478333333069e+01 1.342382831277419697e-01
4.139605000000000423e+00 1.875430314444444946e+01 1.343510419859515193e-01
4.144302999999999848e+00 1.910886378333333369e+01 1.340610760651994027e-01
4.149001000000000161e+00 1.895745658888888485e+01 1.337271690585271622e-01
4.153698000000000334e+00 1.889339098888889268e+01 1.361115134841346941e-01
4.158395999999999759e+00 1.895270303888888463e+01 1.365346972296626327e-01
4.163094000000000072e+00 1.900441429444444452e+01 1.362224980739633606e-01
4.167792000000000385e+00 1.896847391666666738e+01 1.363122151101447965e-01
4.172488999999999670e+00 1.912074186666666620e+01 1.383487433523002963e-01
4.177186999999999983e+00 1.900212310555555817e+01 1.395580178402595350e-01
4.181885000000000296e+00 1.891318266666666403e+01 1.377546644783655960e-01
4.186581999999999582e+00 1.879880556666666180e+01 1.381515059667369760e-01
4.191279999999999895e+00 1.884202449999999729e+01 1.387276400358031514e-01
4.195978000000000208e+00 1.912430543333333333e+01 1.422809006939230736e-01
4.200675999999999632e+00 1.894838682777777450e+01 1.407292133512546006e-01
4.205372999999999806e+00 1.891894122777777554e+01 1.403652900042665630e-01
4.210071000000000119e+00 1.893712656666666660e+01 1.418454827267591478e-01
4.214769000000000432e+00 1.900696547777777567e+01 1.440701917899342155e-01
4.219465999999999717e+00 1.916079748333333299e+01 1.430769941812765067e-01
4.224164000000000030e+00 1.881593668888888971e+01 1.416261461918536246e-01
4.228862000000000343e+00 1.885277177777778235e+01 1.447456707694831923e-01
4.233559999999999768e+00 1.907596191666666385e+01 1.465198444389314014e-01
4.238256999999999941e+00 1.913136124999999765e+01 1.444488251108089483e-01
4.242955000000000254e+00 1.890079874999999987e+01 1.451326610038213283e-01
4.247652999999999679e+00 1.875671502222223097e+01 1.467816440210660267e-01
4.252349999999999852e+00 1.899800775555555177e+01 1.489902213915571816e-01
4.257048000000000165e+00 1.895473746666666415e+01 1.472801815966144345e-01
4.261745999999999590e+00 1.902843763888888162e+01 1.484319803956101469e-01
4.266443999999999903e+00 1.879331383333333250e+01 1.473204687232234911e-01
4.271141000000000076e+00 1.885873872222221692e+01 1.516513820161127235e-01
4.275839000000000389e+00 1.897332132777777858e+01 1.508569182386242102e-01
4.280536999999999814e+00 1.902551380000000236e+01 1.501133869092898254e-01
4.285233999999999988e+00 1.875799128888888845e+01 1.499210689310661870e-01
4.289932000000000301e+00 1.903186340555555844e+01 1.540242400086663521e-01
4.294629999999999725e+00 1.871340374444444166e+01 1.542691126565884085e-01
4.299328000000000038e+00 1.896952506666666949e+01 1.521927652711640711e-01
4.304025000000000212e+00 1.904825129444444087e+01 1.537294873365865067e-01
4.308722999999999637e+00 1.913239936111111206e+01 1.571713375255741341e-01
4.313420999999999950e+00 1.872438223888888587e+01 1.564409321642283579e-01
4.318118000000000123e+00 1.885114947777777772e+01 1.547654103315816709e-01
4.322816000000000436e+00 1.882626405555555138e+01 1.556100152177578577e-01
4.327513999999999861e+00 1.913640752777778076e+01 1.593650481639757033e-01
4.332212000000000174e+00 1.888912787222222534e+01 1.606288400351623402e-01
4.336909000000000347e+00 1.894677124444444161e+01 1.581820186208519885e-01
4.341606999999999772e+00 1.897610506666666552e+01 1.591342831124991641e-01
4.346305000000000085e+00 1.887429826111110742e+01 1.602797310644788753e-01
4.351002000000000258e+00 1.863739349999999462e+01 1.641021051208456927e-01
4.355699999999999683e+00 1.864183859444444380e+01 1.603198184583065899e-01
4.360397999999999996e+00 1.881054657777777805e+01 1.627799763247268217e-01
4.365096000000000309e+00 1.889101554999999877e+01 1.642843658992128031e-01
4.369792999999999594e+00 1.904996487777777503e+01 1.673358325760802567e-01
4.374490999999999907e+00 1.890914271666666480e+01 1.648163228045740059e-01
4.379189000000000220e+00 1.893149999999999977e+01 1.645227476107956333e-01
4.383886000000000394e+00 1.924490820000000113e+01 1.685890669141571763e-01
4.388583999999999818e+00 1.879933530555555521e+01 1.715853585328991626e-01
4.393282000000000131e+00 1.883399984444444542e+01 1.658824066594970503e-01
4.397979999999999556e+00 1.883068079999999611e+01 1.672143144930767489e-01
4.402676999999999730e+00 1.871379389444444641e+01 1.670961646911206799e-01
4.407375000000000043e+00 1.892898050555556111e+01 1.722463173230185107e-01
4.412073000000000356e+00 1.881967197222221699e+01 1.673322958926352355e-01
4.416769999999999641e+00 1.882434882777777574e+01 1.672231329326348270e-01
4.421467999999999954e+00 1.913050860555555488e+01 1.689731520678507404e-01
4.426166000000000267e+00 1.899448230555555384e+01 1.723361369931861731e-01
4.430863999999999692e+00 1.893158122222222062e+01 1.695903343931456086e-01
4.435560999999999865e+00 1.874823224999999738e+01 1.683207268173830817e-01
4.440259000000000178e+00 1.875161503888889314e+01 1.696205792203982765e-01
4.444956999999999603e+00 1.862673435555555557e+01 1.728016853113022167e-01
4.449653999999999776e+00 1.884140537777777524e+01 1.742277972965821931e-01
4.454352000000000089e+00 1.876240005555555257e+01 1.708617933934377664e-01
4.459050000000000402e+00 1.863674235555555470e+01 1.730142700057893390e-01
4.463747999999999827e+00 1.909764306111111054e+01 1.775610291410689712e-01
4.468445000000000000e+00 1.877919587222222475e+01 1.791196040805423106e-01
4.473143000000000313e+00 1.904478617222222425e+01 1.770569089412531716e-01
4.477840999999999738e+00 1.886090493333333740e+01 1.763450509669780009e-01
4.482537999999999911e+00 1.900914126666666704e+01 1.807600786515928259e-01
4.487236000000000224e+00 1.875578893333333497e+01 1.835224632416276036e-01
4.491933999999999649e+00 1.910025775555555327e+01 1.800145542187973624e-01
4.496631999999999962e+00 1.922472921111111077e+01 1.830482110248623784e-01
4.501329000000000136e+00 1.903079605555555531e+01 1.840741205009767123e-01
4.506026999999999560e+00 1.880224741666667043e+01 1.889625156043028276e-01
4.510724999999999874e+00 1.883171943333333331e+01 1.836442859382171056e-01
4.515422000000000047e+00 1.874933772222222217e+01 1.859223401815515986e-01
4.520120000000000360e+00 1.875829722222222173e+01 1.881018969723105838e-01
4.524817999999999785e+00 1.902116532777777991e+01 1.936728800494117164e-01
4.529516000000000098e+00 1.897273858888888753e+01 1.884372222624267623e-01
4.534213000000000271e+00 1.868013439444444401e+01 1.892796399372734251e-01
4.538910999999999696e+00 1.872606726111111186e+01 1.914883080704956886e-01
4.543609000000000009e+00 1.867727375555555369e+01 1.990260922499674789e-01
4.548306000000000182e+00 1.890148494444444438e+01 1.937585559345056663e-01
4.553003999999999607e+00 1.899179395555555772e+01 1.947566303201468951e-01
4.557701999999999920e+00 1.885536594444444347e+01 1.972057452470735717e-01
4.562400000000000233e+00 1.870522303888888871e+01 2.005378253361277396e-01
4.567097000000000406e+00 1.902350172777777715e+01 2.023245194184753182e-01
4.571794999999999831e+00 1.910256964999999951e+01 1.999637500343790508e-01
4.576493000000000144e+00 1.918037875555555516e+01 2.034788877985495570e-01
4.581190000000000317e+00 1.907276672222222302e+01 2.090795913451548305e-01
4.585887999999999742e+00 1.881058026111111303e+01 2.080046160423507651e-01
4.590586000000000055e+00 1.870019166111111275e+01 2.032631282790995086e-01
4.595284000000000368e+00 1.866945692222222064e+01 2.076087565446301242e-01
4.599980999999999653e+00 1.888488485555555485e+01 2.141021641672050113e-01
4.604678999999999967e+00 1.880765358333333381e+01 2.151683525343568715e-01
4.609377000000000280e+00 1.918920860000000062e+01 2.129739446658742152e-01
4.614073999999999565e+00 1.908589728888888715e+01 2.140847939366123942e-01
4.618771999999999878e+00 1.900569447222221697e+01 2.191729600459312310e-01
4.623470000000000191e+00 1.908484634999999940e+01 2.246297733079908321e-01
4.628167999999999616e+00 1.853530652777777377e+01 2.155883089958262611e-01
4.632864999999999789e+00 1.885468309444444657e+01 2.199679438156047495e-01
4.637563000000000102e+00 1.854372167777777491e+01 2.245752387906934933e-01
4.642261000000000415e+00 1.864194013888889145e+01 2.312156032957897733e-01
4.646957999999999700e+00 1.869100822777777893e+01 2.224951028878576487e-01
4.651656000000000013e+00 1.926153556666666589e+01 2.287616430147025592e-01
4.656354000000000326e+00 1.928056103333333482e+01 2.342886786865740201e-01
4.661051999999999751e+00 1.873878633888888956e+01 2.436204872691455636e-01
4.665748999999999924e+00 1.864098364444444655e+01 2.304453827117262932e-01
4.670447000000000237e+00 1.886572106111111680e+01 2.343368663217810233e-01
4.675144999999999662e+00 1.863480968888888611e+01 2.386078228631833553e-01
4.679841999999999835e+00 1.879407680555555515e+01 2.560859673998910346e-01
4.684540000000000148e+00 1.873840269444444218e+01 2.391861689505059008e-01
4.689237999999999573e+00 1.919054250555555541e+01 2.451257354401075450e-01
4.693935999999999886e+00 1.892738963333333402e+01 2.462882651444222304e-01
4.698633000000000060e+00 1.886297231111110762e+01 2.599483262517871540e-01
4.703331000000000373e+00 1.903467195000000345e+01 2.592540389563301462e-01
4.708028999999999797e+00 1.863734933888888889e+01 2.522382575865383392e-01
4.712725999999999971e+00 1.867717488333333264e+01 2.571305684041509387e-01
4.717424000000000284e+00 1.877694582777777299e+01 2.640275295867567373e-01
4.722121999999999709e+00 1.905098433888888465e+01 2.759586932955949146e-01
4.726820000000000022e+00 1.934304868333333616e+01 2.668732157933636495e-01
4.731517000000000195e+00 1.911540032222222152e+01 2.700567546978550060e-01
4.736214999999999620e+00 1.870551747777777507e+01 2.748049478941838597e-01
4.740912999999999933e+00 1.948292357777777895e+01 2.922437369333464319e-01
4.745610000000000106e+00 1.868364692777777947e+01 2.778482807139093236e-01
4.750308000000000419e+00 1.895966750555555791e+01 2.830081743880855649e-01
4.755005999999999844e+00 1.873031840000000159e+01 2.878436010897476027e-01
4.759704000000000157e+00 1.913198420000000510e+01 3.041536770437775483e-01
4.764401000000000330e+00 1.882235481666666743e+01 2.928468643017339001e-01
4.769098999999999755e+00 1.902954613888888957e+01 2.994138803389646553e-01
4.773797000000000068e+00 1.844206107222223068e+01 3.067984175657222923e-01
4.778494000000000241e+00 1.893730336666666858e+01 3.198615096142578551e-01
4.783191999999999666e+00 1.852677420000000552e+01 3.084808912687869720e-01
4.787889999999999979e+00 1.895242044999999820e+01 3.182929148899372174e-01
4.792588000000000292e+00 1.927832128333333372e+01 3.335596841837443205e-01
4.797284999999999577e+00 1.914832128333333472e+01 3.399111440370444770e-01
4.801982999999999890e+00 1.917110736111111180e+01 3.332307188003944542e-01
4.806681000000000203e+00 1.848744258333333690e+01 3.341931467190555893e-01
4.811378000000000377e+00 1.886930511666666632e+01 3.548313548203589907e-01
4.816075999999999802e+00 1.856335035000000033e+01 3.636350090466602403e-01
4.820774000000000115e+00 1.907255043888888935e+01 3.593086887738745627e-01
4.825472000000000428e+00 1.919278063888889108e+01 3.706264301256202987e-01
4.830168999999999713e+00 1.874987182222222160e+01 3.862891615682761404e-01
4.834867000000000026e+00 1.896354550555555818e+01 3.921064263464613675e-01
4.839565000000000339e+00 1.933375208888888608e+01 3.924373420228426390e-01
4.844261999999999624e+00 1.949487147222222205e+01 4.091760126849185442e-01
4.848959999999999937e+00 1.948915218888888745e+01 4.333169774366699700e-01
4.853658000000000250e+00 1.847468789444444326e+01 4.282667315314689360e-01
4.858355999999999675e+00 1.931571025000000219e+01 4.416227702246668940e-01
4.863052999999999848e+00 1.785864633888888875e+01 4.453025717181432475e-01
4.867751000000000161e+00 1.925637768333333355e+01 4.914799355687782811e-01
4.872448999999999586e+00 1.891800999444444642e+01 4.728827370259521823e-01
4.877145999999999759e+00 1.957066005555555677e+01 5.119696913281477357e-01
4.881844000000000072e+00 1.813033581666666905e+01 5.242611824979117596e-01
4.886542000000000385e+00 1.935064770555555569e+01 5.703727352265833828e-01
4.891239999999999810e+00 1.786096377777777633e+01 5.566260367528972353e-01
4.895936999999999983e+00 1.968817348333333328e+01 6.249288064678163446e-01
4.900635000000000296e+00 1.909463781111110947e+01 6.654786689374957431e-01
4.905332999999999721e+00 1.991051651666666800e+01 6.804853410231586075e-01
4.910029999999999895e+00 1.919097119999999990e+01 7.435791863999311468e-01
4.914728000000000208e+00 1.992112282222221964e+01 8.950320959120757758e-01
4.919425999999999632e+00 1.918376992222222555e+01 9.444674820019041128e-01
4.924123999999999945e+00 1.902312766666666732e+01 9.787111813905901014e-01
4.928821000000000119e+00 2.003926406111111191e+01 1.259640691747062835e+00
4.933519000000000432e+00 1.913099575000000030e+01 1.896489594799491529e+00
